0 0.2734375 0.31484375 0.546875 0.490625
0 0.2421875 0.34609375 0.484375 0.5609375
0 0.06953125 0.20546875 0.13828125 0.4109375
0 0.05078125 0.1453125 0.1015625 0.290625
0 0.01640625 0.096875 0.03203125 0.19296875
0 0.053125 0.03359375 0.0265625 0.06640625
0 0.9109375 0.71484375 0.178125 0.25625
0 0.959375 0.62265625 0.0546875 0.6484375
0 0.903125 0.584375 0.19296875 0.271875
0 0.18671875 0.86796875 0.3734375 0.25703125
0 0.11640625 0.5796875 0.08671875 0.2890625
0 0.21953125 0.3296875 0.1859375 0.659375