3 0.4984375 0.2390625 0.09140625 0.1359375
3 0.46640625 0.17109375 0.06640625 0.08515625
3 0.35234375 0.1109375 0.0765625 0.115625
3 0.41640625 0.03359375 0.06640625 0.06640625
3 0.33046875 0.2703125 0.06875 0.10078125
3 0.425 0.3625 0.08828125 0.1125
3 0.42421875 0.54453125 0.0453125 0.06328125
3 0.31328125 0.58359375 0.09296875 0.09140625
3 0.321875 0.74296875 0.0765625 0.10390625
3 0.365625 0.840625 0.0859375 0.1296875
3 0.42734375 0.76796875 0.11796875 0.14453125
3 0.73359375 0.90078125 0.0796875 0.059375
3 0.82578125 0.8671875 0.0453125 0.040625
3 0.86328125 0.87109375 0.05625 0.0671875
3 0.784375 0.7921875 0.08828125 0.07734375
3 0.82109375 0.81484375 0.05546875 0.05234375
3 0.90859375 0.81015625 0.040625 0.02890625
3 0.9640625 0.73515625 0.07109375 0.065625