1 0.6640625 0.18828125 0.10625 0.0609375
3 0.88203125 0.30703125 0.12421875 0.07265625
1 0.246875 0.3703125 0.0625 0.0515625
1 0.3515625 0.35859375 0.09453125 0.0546875
1 0.14765625 0.35390625 0.0953125 0.06875
1 0.1359375 0.490625 0.12890625 0.075
1 0.57109375 0.48984375 0.053125 0.05078125
1 0.7171875 0.46328125 0.053125 0.02890625
1 0.93828125 0.478125 0.11328125 0.0546875
1 0.92890625 0.7234375 0.1421875 0.0921875
1 0.68125 0.75703125 0.09609375 0.0609375
1 0.53203125 0.72734375 0.13671875 0.07265625
1 0.0765625 0.7640625 0.1453125 0.0703125
1 0.2625 0.89921875 0.12578125 0.0609375
1 0.3953125 0.94375 0.128125 0.06953125
1 0.546875 0.94921875 0.13828125 0.084375
1 0.665625 0.9015625 0.12734375 0.0625
1 0.765625 0.94296875 0.16640625 0.07265625