3 0.29765625 0.45 0.0734375 0.0828125
3 0.36015625 0.52265625 0.01875 0.02734375
3 0.409375 0.62734375 0.03359375 0.02421875
3 0.459375 0.53125 0.01328125 0.0203125
3 0.42265625 0.471875 0.0328125 0.0390625
3 0.44375 0.41640625 0.09453125 0.09921875
3 0.2078125 0.34140625 0.05625 0.0328125
3 0.28359375 0.34296875 0.07109375 0.03046875
3 0.38828125 0.16953125 0.05546875 0.0546875
3 0.39375 0.10390625 0.0203125 0.028125
3 0.51328125 0.040625 0.0625 0.03125
3 0.478125 0.309375 0.0296875 0.0546875
3 0.51015625 0.675 0.08203125 0.0859375
3 0.575 0.5984375 0.0953125 0.121875
3 0.58203125 0.78203125 0.05859375 0.084375