1 0.3078125 0.35 0.11796875 0.18828125
1 0.30546875 0.19375 0.06875 0.10625
1 0.45703125 0.23125 0.11015625 0.1515625
1 0.5515625 0.26640625 0.06171875 0.10546875
1 0.659375 0.2109375 0.0453125 0.07109375
1 0.71640625 0.35703125 0.090625 0.09609375
1 0.8234375 0.3765625 0.10078125 0.1125
1 0.86953125 0.57265625 0.103125 0.09296875
1 0.6515625 0.63984375 0.1640625 0.10234375
1 0.425 0.59296875 0.1234375 0.16015625
1 0.49609375 0.484375 0.05234375 0.08828125
1 0.56640625 0.49609375 0.0234375 0.08515625
1 0.2875 0.78515625 0.046875 0.08515625
1 0.1125 0.82890625 0.06875 0.24453125