3 0.23125 0.453125 0.1453125 0.109375
3 0.24921875 0.5375 0.134375 0.0609375
3 0.2171875 0.65546875 0.0875 0.03515625
3 0.35859375 0.71875 0.09140625 0.11171875
3 0.38046875 0.82421875 0.09375 0.084375
3 0.56796875 0.86015625 0.11328125 0.12421875
3 0.63125 0.653125 0.11953125 0.1515625
3 0.4875 0.5671875 0.09453125 0.05859375
3 0.4953125 0.4859375 0.0984375 0.05390625
3 0.55390625 0.42265625 0.10390625 0.13125
3 0.29296875 0.321875 0.0859375 0.06875
3 0.384375 0.3171875 0.06328125 0.05859375
3 0.20625 0.30546875 0.10703125 0.06875
3 0.77265625 0.09375 0.103125 0.10234375