3 0.32890625 0.47890625 0.04296875 0.1390625
3 0.36484375 0.484375 0.04765625 0.12734375
3 0.38828125 0.63125 0.04765625 0.115625
3 0.42578125 0.7390625 0.07109375 0.15859375
3 0.3625 0.85625 0.0265625 0.06015625
3 0.29140625 0.11796875 0.03984375 0.22265625
3 0.31171875 0.11953125 0.0515625 0.2390625
3 0.334375 0.08046875 0.0375 0.15625
3 0.4890625 0.11328125 0.05078125 0.209375
3 0.47265625 0.3609375 0.06328125 0.278125
3 0.59375 0.79765625 0.03203125 0.2265625
3 0.66015625 0.87265625 0.03359375 0.19375
3 0.6984375 0.625 0.0609375 0.2421875
3 0.70859375 0.37421875 0.06796875 0.2
3 0.678125 0.1109375 0.01953125 0.0546875
3 0.728125 0.0953125 0.0375 0.11328125
3 0.66171875 0.18671875 0.03359375 0.07265625
3 0.39609375 0.37890625 0.0546875 0.07734375
3 0.43125 0.503125 0.06875 0.2109375
3 0.32578125 0.2734375 0.0453125 0.0859375
3 0.38671875 0.07109375 0.0359375 0.10546875
3 0.51171875 0.74453125 0.0890625 0.2375
3 0.5234375 0.2765625 0.0390625 0.0859375
3 0.428125 0.93125 0.03984375 0.03671875
3 0.5296875 0.5515625 0.02890625 0.06796875
1 0.48046875 0.88203125 0.0484375 0.0734375