1 0.52578125 0.4375 0.1171875 0.13671875
1 0.64921875 0.4015625 0.053125 0.08671875
1 0.78125 0.2609375 0.03359375 0.06484375
1 0.76796875 0.625 0.1578125 0.0859375
1 0.509375 0.70390625 0.13046875 0.075
1 0.5859375 0.6203125 0.0546875 0.059375
1 0.0796875 0.89453125 0.0625 0.1
1 0.15390625 0.86171875 0.05625 0.096875
1 0.38828125 0.5734375 0.0765625 0.1328125
1 0.365625 0.46875 0.0375 0.075
1 0.36328125 0.86796875 0.05625 0.06484375
1 0.859375 0.34453125 0.10078125 0.10703125
1 0.9640625 0.25390625 0.07109375 0.0921875