3 0.23203125 0.49921875 0.15078125 0.0640625
3 0.1625 0.52890625 0.1 0.06484375
3 0.11484375 0.6484375 0.11953125 0.04921875
3 0.02109375 0.58359375 0.0421875 0.05078125
3 0.265625 0.66953125 0.11015625 0.059375
3 0.3546875 0.56171875 0.09609375 0.05546875
3 0.58359375 0.68125 0.08203125 0.04921875
3 0.74921875 0.68125 0.1140625 0.0625
3 0.853125 0.640625 0.1296875 0.06015625
3 0.7546875 0.5703125 0.121875 0.05546875
3 0.90078125 0.60234375 0.0671875 0.028125
1 0.55390625 0.578125 0.06875 0.04453125
1 0.840625 0.7328125 0.03984375 0.03046875
1 0.79765625 0.2203125 0.05625 0.05546875
1 0.90703125 0.2828125 0.04921875 0.05234375
1 0.82265625 0.18359375 0.046875 0.04140625
1 0.8671875 0.16953125 0.0421875 0.05703125
1 0.87421875 0.13515625 0.046875 0.0359375
1 0.80234375 0.1015625 0.0796875 0.06015625