3 0.29296875 0.2671875 0.234375 0.21484375
3 0.428125 0.615625 0.31328125 0.3515625
3 0.796875 0.64765625 0.11328125 0.11328125
3 0.625 0.728125 0.04765625 0.04296875
3 0.6828125 0.66875 0.0515625 0.03515625
3 0.49140625 0.9234375 0.0453125 0.0375
1 0.61796875 0.91328125 0.04453125 0.03515625
1 0.7296875 0.84140625 0.04609375 0.04765625
3 0.67890625 0.2953125 0.0734375 0.03984375
3 0.16875 0.03046875 0.0625 0.040625
3 0.45859375 0.225 0.1078125 0.0765625
3 0.553125 0.36015625 0.12421875 0.12890625
3 0.55703125 0.26640625 0.03359375 0.0265625
3 0.8203125 0.39609375 0.0453125 0.0359375
1 0.653125 0.978125 0.06640625 0.04296875