3 0.48828125 0.56875 0.08515625 0.1546875
3 0.78515625 0.35546875 0.14296875 0.12890625
3 0.7890625 0.459375 0.09765625 0.05234375
3 0.88046875 0.584375 0.0671875 0.04453125
3 0.759375 0.65546875 0.09296875 0.0984375
3 0.78984375 0.77421875 0.08671875 0.10390625
3 0.61640625 0.853125 0.12578125 0.15078125
3 0.57265625 0.39609375 0.065625 0.04921875
3 0.5859375 0.48046875 0.02890625 0.03671875
3 0.65546875 0.22109375 0.16796875 0.07734375
3 0.78046875 0.215625 0.08046875 0.04375
3 0.29375 0.184375 0.06328125 0.0625
3 0.19453125 0.0390625 0.1484375 0.05078125