3 0.3078125 0.196875 0.09453125 0.1140625
3 0.31328125 0.3484375 0.09296875 0.17578125
3 0.44921875 0.24453125 0.125 0.17734375
3 0.55390625 0.2671875 0.07421875 0.103125
3 0.66015625 0.221875 0.06171875 0.09375
3 0.70703125 0.36015625 0.103125 0.103125
3 0.8296875 0.37421875 0.13125 0.090625
3 0.8765625 0.56640625 0.13515625 0.11015625
3 0.6484375 0.6390625 0.140625 0.11328125
3 0.4234375 0.578125 0.140625 0.15078125
3 0.48125 0.49375 0.08671875 0.1078125
3 0.571875 0.49453125 0.05625 0.08671875
3 0.2828125 0.7734375 0.071875 0.05859375
3 0.096875 0.8234375 0.1265625 0.225