3 0.4265625 0.375 0.0453125 0.03828125
3 0.5140625 0.3234375 0.0921875 0.0953125
3 0.5953125 0.215625 0.0796875 0.071875
3 0.59375 0.39609375 0.10625 0.12109375
3 0.3015625 0.55625 0.06796875 0.0953125
3 0.36640625 0.4765625 0.040625 0.0328125
3 0.453125 0.59140625 0.10234375 0.1078125
3 0.42578125 0.53359375 0.05078125 0.04140625
3 0.465625 0.46796875 0.02421875 0.0421875
3 0.26015625 0.65546875 0.15 0.05703125
3 0.47578125 0.69765625 0.0484375 0.04765625
3 0.39609375 0.81875 0.09140625 0.07734375