3 0.31015625 0.4171875 0.078125 0.1046875
3 0.31953125 0.26640625 0.09609375 0.13984375
3 0.26875 0.1625 0.0484375 0.06484375
3 0.35390625 0.146875 0.06484375 0.16875
3 0.42890625 0.24375 0.06484375 0.14921875
3 0.40859375 0.10078125 0.04140625 0.084375
3 0.42265625 0.45 0.04375 0.06953125
3 0.42109375 0.63515625 0.07421875 0.11875
3 0.4640625 0.8328125 0.0640625 0.0859375
3 0.5015625 0.7625 0.07265625 0.14453125
3 0.3546875 0.8890625 0.05859375 0.1140625
3 0.32890625 0.73515625 0.0609375 0.10234375
1 0.71328125 0.09140625 0.0515625 0.03671875
1 0.78671875 0.20546875 0.08515625 0.0515625
1 0.90625 0.190625 0.053125 0.02578125
1 0.84296875 0.146875 0.09296875 0.0796875
1 0.96328125 0.26015625 0.0515625 0.03203125