3 0.49296875 0.24765625 0.0734375 0.1515625
3 0.53125 0.18125 0.08984375 0.11640625
3 0.64140625 0.11328125 0.06953125 0.11328125
3 0.6703125 0.25625 0.06875 0.103125
3 0.5796875 0.03125 0.078125 0.0625
3 0.56640625 0.35078125 0.0734375 0.12109375
3 0.684375 0.57265625 0.05625 0.090625
3 0.6421875 0.85 0.075 0.1453125
3 0.68203125 0.74609375 0.084375 0.11640625
3 0.56953125 0.75390625 0.0671875 0.14453125
3 0.56796875 0.5453125 0.0640625 0.08125
3 0.7234375 0.8265625 0.0546875 0.06484375
1 0.1296875 0.865625 0.03671875 0.04765625
1 0.15703125 0.8234375 0.03828125 0.03828125
1 0.21484375 0.79375 0.0421875 0.0484375
1 0.02734375 0.7125 0.0546875 0.0796875
1 0.09140625 0.809375 0.03984375 0.0390625
1 0.275 0.90234375 0.06171875 0.03359375