3 0.428125 0.4578125 0.0609375 0.0640625
3 0.4203125 0.40078125 0.08125 0.046875
3 0.403125 0.3609375 0.06328125 0.05390625
3 0.5359375 0.290625 0.11328125 0.12578125
3 0.62421875 0.2453125 0.04765625 0.06171875
3 0.7296875 0.359375 0.1 0.1046875
3 0.5953125 0.4046875 0.0484375 0.04609375
3 0.64765625 0.3421875 0.03671875 0.04140625
3 0.13828125 0.85234375 0.03515625 0.0375
3 0.13359375 0.79453125 0.075 0.06328125
3 0.76796875 0.1796875 0.059375 0.05390625
3 0.7203125 0.15 0.02734375 0.03671875
3 0.8265625 0.128125 0.07265625 0.06015625
3 0.85390625 0.19296875 0.0625 0.06953125