3 0.12890625 0.86015625 0.02578125 0.05546875
3 0.2125 0.8484375 0.09453125 0.1125
3 0.59375 0.58359375 0.14453125 0.115625
3 0.71015625 0.45 0.10234375 0.09921875
3 0.3109375 0.615625 0.0703125 0.0453125
3 0.7609375 0.36484375 0.08359375 0.05
3 0.5 0.47734375 0.0921875 0.125
3 0.59609375 0.40390625 0.05 0.04453125
3 0.6484375 0.34375 0.03828125 0.0359375
3 0.63359375 0.278125 0.078125 0.10078125
3 0.8046875 0.234375 0.05 0.06796875
3 0.85859375 0.2828125 0.04140625 0.03671875
3 0.86875 0.1796875 0.06484375 0.06328125
3 0.81328125 0.13671875 0.0515625 0.0765625