3 0.809375 0.3453125 0.05703125 0.115625
1 0.64765625 0.66171875 0.04375 0.0984375
1 0.64453125 0.85703125 0.04609375 0.10078125
1 0.621875 0.76328125 0.04140625 0.06171875
3 0.6890625 0.121875 0.04375 0.109375
3 0.5109375 0.07109375 0.05390625 0.11171875
3 0.528125 0.26796875 0.04609375 0.08046875
3 0.50625 0.4328125 0.06953125 0.11015625
3 0.50859375 0.8625 0.06171875 0.14453125
3 0.275 0.47578125 0.0578125 0.13046875
3 0.2453125 0.30234375 0.04453125 0.125
3 0.26796875 0.0671875 0.07734375 0.128125
3 0.21875 0.8921875 0.0421875 0.20859375
3 0.09765625 0.3234375 0.05625 0.13359375
3 0.04609375 0.45703125 0.06640625 0.1625
3 0.06953125 0.609375 0.0671875 0.16015625
3 0.1046875 0.72734375 0.05390625 0.10390625
3 0.05859375 0.22890625 0.0578125 0.16171875