1 0.79921875 0.33671875 0.053125 0.10703125
1 0.646875 0.64609375 0.0640625 0.09609375
1 0.64375 0.75625 0.05390625 0.0828125
1 0.6484375 0.85390625 0.0546875 0.07421875
1 0.51171875 0.8640625 0.0515625 0.1140625
3 0.5125 0.4390625 0.04453125 0.08515625
3 0.509375 0.071875 0.0734375 0.12734375
1 0.5421875 0.26796875 0.04140625 0.0640625
3 0.6859375 0.1265625 0.05 0.1359375
1 0.26171875 0.0703125 0.10703125 0.13984375
1 0.228125 0.3140625 0.053125 0.0890625
1 0.27890625 0.478125 0.08125 0.14296875
1 0.23828125 0.925 0.0796875 0.14921875
1 0.1078125 0.73046875 0.0640625 0.09765625
3 0.06484375 0.60859375 0.06328125 0.12890625
3 0.03828125 0.44296875 0.0765625 0.13984375
3 0.09140625 0.33046875 0.0640625 0.0984375
3 0.05546875 0.23828125 0.06484375 0.1609375