3 0.50234375 0.24765625 0.0703125 0.140625
3 0.56875 0.36328125 0.0703125 0.11640625
3 0.6671875 0.26953125 0.0875 0.13359375
3 0.6421875 0.12421875 0.0578125 0.13125
3 0.53203125 0.1578125 0.06796875 0.0734375
3 0.58046875 0.0296875 0.06796875 0.05
3 0.57421875 0.55 0.04765625 0.065625
3 0.68671875 0.58359375 0.059375 0.12109375
3 0.59609375 0.8921875 0.04609375 0.0546875
3 0.63046875 0.84921875 0.0515625 0.15625
3 0.56953125 0.753125 0.06328125 0.14296875
3 0.678125 0.740625 0.04609375 0.121875
1 0.73984375 0.83828125 0.0671875 0.0703125
1 0.03046875 0.73203125 0.05234375 0.0578125
1 0.08671875 0.803125 0.04296875 0.04296875
1 0.125 0.8640625 0.03203125 0.04765625
1 0.16953125 0.8703125 0.0328125 0.05546875
1 0.2703125 0.903125 0.0515625 0.03515625
1 0.1609375 0.81796875 0.0375 0.0390625
1 0.221875 0.79375 0.0515625 0.05625