1 0.434375 0.4734375 0.1625 0.115625
1 0.40859375 0.36015625 0.07578125 0.0578125
1 0.28046875 0.215625 0.06953125 0.04453125
1 0.61171875 0.2203125 0.1171875 0.1109375
1 0.3453125 0.146875 0.1265625 0.103125
1 0.26171875 0.03359375 0.096875 0.06640625
1 0.44375 0.0796875 0.03515625 0.05234375
1 0.59765625 0.33203125 0.10625 0.04140625
1 0.62265625 0.4203125 0.0578125 0.03125
1 0.465625 0.628125 0.0734375 0.0609375
1 0.578125 0.61953125 0.12578125 0.05625
1 0.5296875 0.5546875 0.0546875 0.0390625
1 0.5015625 0.77421875 0.0421875 0.0328125
1 0.8625 0.84609375 0.09453125 0.05703125
1 0.8953125 0.91875 0.0796875 0.07734375
1 0.87421875 0.80859375 0.05078125 0.03125