1 0.7984375 0.28125 0.04921875 0.0609375
1 0.8875 0.20859375 0.1453125 0.0921875
1 0.6734375 0.3875 0.05703125 0.06796875
1 0.4859375 0.478125 0.259375 0.13828125
1 0.225 0.54765625 0.203125 0.16640625
1 0.52734375 0.71015625 0.11875 0.1
1 0.41953125 0.753125 0.07265625 0.09375
1 0.29375 0.80703125 0.1375 0.10703125
1 0.64609375 0.6859375 0.04609375 0.05546875
1 0.76328125 0.6359375 0.05546875 0.06796875
1 0.85546875 0.58046875 0.08984375 0.09921875
1 0.97265625 0.5 0.05390625 0.11953125
1 0.0296875 0.596875 0.059375 0.071875