1 0.23203125 0.05703125 0.16328125 0.07265625
1 0.33984375 0.09609375 0.115625 0.05390625
1 0.44609375 0.04140625 0.12265625 0.0640625
1 0.5984375 0.06328125 0.13984375 0.07265625
1 0.7296875 0.10234375 0.10546875 0.0671875
1 0.9109375 0.2328125 0.178125 0.06328125
1 0.47890625 0.2765625 0.1359375 0.059375
1 0.32109375 0.23828125 0.09140625 0.059375
1 0.06640625 0.26953125 0.1328125 0.0921875
1 0.8578125 0.51015625 0.16015625 0.0609375
1 0.43515625 0.50546875 0.0765625 0.046875
1 0.26875 0.5421875 0.0453125 0.04375
1 0.0625 0.51796875 0.12421875 0.05859375
1 0.65 0.64609375 0.09375 0.04765625
1 0.753125 0.6265625 0.0703125 0.04375
1 0.85234375 0.64140625 0.0828125 0.0515625
1 0.11484375 0.684375 0.13046875 0.05390625
1 0.3421875 0.80546875 0.11640625 0.04609375