3 0.48828125 0.6859375 0.07265625 0.0921875
3 0.409375 0.78671875 0.06953125 0.0765625
3 0.41796875 0.60625 0.09453125 0.125
3 0.58515625 0.62578125 0.03203125 0.0421875
3 0.5328125 0.5296875 0.02578125 0.02421875
3 0.55625 0.415625 0.09921875 0.0890625
3 0.56953125 0.47265625 0.03671875 0.0359375
3 0.6375 0.5265625 0.03984375 0.0359375
3 0.7046875 0.4484375 0.06328125 0.071875
3 0.7125 0.3421875 0.0828125 0.05703125
3 0.79375 0.3375 0.05703125 0.03984375
3 0.621875 0.175 0.0671875 0.05859375
3 0.55 0.1703125 0.028125 0.0203125
3 0.5203125 0.30078125 0.0359375 0.0421875
3 0.6015625 0.11171875 0.0453125 0.03671875
3 0.49921875 0.0421875 0.0546875 0.0265625