3 0.1484375 0.35 0.18359375 0.0875
3 0.240625 0.421875 0.184375 0.06875
3 0.25859375 0.31328125 0.11171875 0.071875
3 0.41015625 0.309375 0.11171875 0.08046875
3 0.64296875 0.43359375 0.096875 0.07890625
3 0.765625 0.50390625 0.12109375 0.08125
3 0.82265625 0.46015625 0.103125 0.0859375
3 0.73671875 0.32578125 0.109375 0.0640625
3 0.89296875 0.353125 0.09296875 0.05625
1 0.44140625 0.41953125 0.0734375 0.046875
1 0.09375 0.7296875 0.0375 0.0328125
1 0.1359375 0.8703125 0.03359375 0.04453125
1 0.13359375 0.8203125 0.0375 0.04453125
1 0.20078125 0.90546875 0.04296875 0.0515625