1 0.58671875 0.5140625 0.17265625 0.10390625
1 0.3609375 0.21640625 0.1265625 0.1578125
1 0.459375 0.21015625 0.05390625 0.09140625
1 0.590625 0.1234375 0.05390625 0.090625
1 0.64765625 0.234375 0.13046875 0.09921875
1 0.7828125 0.203125 0.11484375 0.0953125
1 0.8546875 0.3828125 0.17890625 0.1484375
1 0.40625 0.4265625 0.06328125 0.075
1 0.484375 0.4125 0.05703125 0.06953125
1 0.33359375 0.5015625 0.15234375 0.1140625
1 0.1984375 0.70703125 0.0875 0.07734375
1 0.215625 0.34765625 0.10625 0.1703125
1 0.22578125 0.215625 0.06796875 0.096875
1 0.0359375 0.78984375 0.07109375 0.13984375