3 0.4921875 0.75234375 0.1484375 0.12734375
3 0.16953125 0.56875 0.1765625 0.08359375
3 0.2984375 0.6234375 0.046875 0.046875
3 0.41328125 0.5796875 0.0578125 0.0609375
3 0.49453125 0.478125 0.2203125 0.09609375
3 0.715625 0.2671875 0.06640625 0.046875
3 0.96328125 0.178125 0.0734375 0.115625
3 0.3296875 0.7984375 0.0734375 0.08125
3 0.075 0.846875 0.14296875 0.08515625
3 0.16484375 0.91640625 0.06171875 0.08125
3 0.671875 0.6046875 0.0859375 0.134375
3 0.68203125 0.70703125 0.07578125 0.06796875