3 0.4453125 0.6984375 0.11484375 0.10859375
3 0.3625 0.76328125 0.06328125 0.075
3 0.13515625 0.8171875 0.09765625 0.0453125
3 0.26484375 0.6453125 0.0828125 0.05546875
3 0.34375 0.640625 0.01484375 0.0140625
3 0.39609375 0.59453125 0.05 0.046875
3 0.46484375 0.51484375 0.0953125 0.07265625
3 0.578125 0.5671875 0.0890625 0.10859375
3 0.59921875 0.62578125 0.04765625 0.0546875
3 0.28125 0.8546875 0.01953125 0.0328125
3 0.16953125 0.87109375 0.09296875 0.053125
3 0.2359375 0.8140625 0.0671875 0.04375
3 0.86171875 0.209375 0.0984375 0.10078125
3 0.859375 0.14140625 0.040625 0.0390625
3 0.95546875 0.14140625 0.06796875 0.03984375