3 0.35703125 0.146875 0.06484375 0.1640625
3 0.3984375 0.0984375 0.04609375 0.06796875
3 0.3328125 0.2625 0.06171875 0.115625
3 0.43125 0.240625 0.0578125 0.14765625
3 0.31953125 0.4109375 0.0578125 0.09765625
3 0.4328125 0.45 0.04765625 0.0734375
3 0.3375 0.72421875 0.07890625 0.115625
3 0.4359375 0.63203125 0.071875 0.11328125
3 0.35078125 0.875 0.0578125 0.12734375
3 0.465625 0.82890625 0.06015625 0.10234375
3 0.50546875 0.75859375 0.06875 0.14453125
3 0.4203125 0.97109375 0.07109375 0.0578125
3 0.2609375 0.15390625 0.03359375 0.0546875