3 0.23359375 0.52890625 0.1453125 0.178125
3 0.30234375 0.3140625 0.1 0.08125
3 0.39453125 0.328125 0.1171875 0.09296875
3 0.41328125 0.58828125 0.07578125 0.08828125
3 0.484375 0.50546875 0.11015625 0.19765625
3 0.415625 0.83125 0.08046875 0.17890625
3 0.36171875 0.7015625 0.06484375 0.065625
3 0.1921875 0.66875 0.09140625 0.078125
3 0.0703125 0.83359375 0.0484375 0.0375
3 0.159375 0.92109375 0.06328125 0.13671875
3 0.72578125 0.29453125 0.04296875 0.0671875
3 0.83046875 0.05546875 0.11484375 0.0609375
3 0.371875 0.1328125 0.078125 0.0359375