1 0.096875 0.36171875 0.19296875 0.19296875
1 0.353125 0.409375 0.15 0.0984375
1 0.284375 0.62109375 0.1375 0.121875
1 0.553125 0.5234375 0.22109375 0.22890625
1 0.71328125 0.87265625 0.190625 0.12265625
0 0.43359375 0.67109375 0.07578125 0.05703125
0 0.5375 0.68203125 0.053125 0.053125
0 0.6359375 0.70390625 0.040625 0.025
0 0.709375 0.72109375 0.07890625 0.0515625
0 0.6453125 0.6484375 0.02734375 0.03125
0 0.1265625 0.678125 0.04453125 0.0484375
0 0.2984375 0.8453125 0.05234375 0.03046875
0 0.17890625 0.6078125 0.03828125 0.03828125
0 0.90859375 0.71875 0.04765625 0.0546875
0 0.765625 0.70078125 0.03828125 0.0328125
0 0.86484375 0.85859375 0.0328125 0.02890625
1 0.76015625 0.584375 0.16875 0.1421875