3 0.28984375 0.45625 0.13046875 0.109375
3 0.2421875 0.36015625 0.065625 0.034375
3 0.15078125 0.2828125 0.0453125 0.02265625
3 0.18515625 0.24296875 0.05546875 0.05625
3 0.12890625 0.17578125 0.0390625 0.05234375
3 0.35625 0.278125 0.10703125 0.11328125
3 0.39609375 0.3984375 0.04609375 0.05
3 0.34921875 0.603125 0.03984375 0.03515625
3 0.4 0.57578125 0.04140625 0.0546875
3 0.45625 0.58359375 0.06328125 0.0546875
3 0.7890625 0.85625 0.04765625 0.09921875
3 0.86640625 0.84921875 0.0359375 0.0234375
3 0.4875 0.465625 0.07265625 0.10234375
3 0.1921875 0.1421875 0.0625 0.06171875