1 0.178125 0.06953125 0.071875 0.0515625
1 0.26015625 0.05546875 0.10703125 0.06171875
1 0.33828125 0.1 0.13203125 0.05859375
1 0.446875 0.046875 0.1421875 0.05859375
1 0.6046875 0.0578125 0.16015625 0.07109375
1 0.73125 0.10078125 0.10703125 0.06328125
1 0.47890625 0.27578125 0.13515625 0.0765625
1 0.32578125 0.2421875 0.078125 0.0484375
1 0.01875 0.2875 0.0375 0.04765625
1 0.0765625 0.2625 0.1125 0.0578125
1 0.91171875 0.228125 0.1765625 0.05703125
1 0.8625 0.51015625 0.13828125 0.07421875
1 0.43671875 0.51171875 0.0734375 0.04140625
1 0.27578125 0.53828125 0.065625 0.040625
1 0.06171875 0.5203125 0.1171875 0.0546875
1 0.6484375 0.63828125 0.078125 0.04609375
1 0.7609375 0.6265625 0.06015625 0.03515625
1 0.853125 0.63984375 0.075 0.05234375
1 0.11875 0.68203125 0.1140625 0.03515625
1 0.33671875 0.80078125 0.1046875 0.0234375