3 0.70390625 0.45078125 0.1203125 0.1015625
3 0.5234375 0.46171875 0.0828125 0.115625
3 0.5984375 0.40234375 0.05625 0.04453125
3 0.6453125 0.33359375 0.025 0.040625
3 0.759375 0.359375 0.05859375 0.02109375
3 0.86171875 0.2796875 0.04609375 0.03046875
3 0.8203125 0.23984375 0.0703125 0.0625
3 0.8125 0.13359375 0.09921875 0.08125
3 0.878125 0.17109375 0.0484375 0.03125
3 0.64375 0.27734375 0.090625 0.07890625
3 0.56171875 0.5828125 0.1171875 0.07734375
3 0.64921875 0.5953125 0.06171875 0.0671875
3 0.146875 0.9609375 0.05703125 0.078125
3 0.2140625 0.86640625 0.096875 0.09765625
3 0.14453125 0.8546875 0.05390625 0.04296875
3 0.21875 0.80546875 0.05078125 0.03828125
3 0.3203125 0.61171875 0.06171875 0.05546875