3 0.43203125 0.53828125 0.134375 0.1625
3 0.303125 0.9046875 0.146875 0.18984375
3 0.271875 0.77734375 0.0640625 0.07421875
3 0.40546875 0.6390625 0.06796875 0.0609375
3 0.621875 0.57578125 0.0640625 0.05078125
3 0.609375 0.77578125 0.09296875 0.1375
3 0.56640625 0.665625 0.0359375 0.034375
3 0.54140625 0.38828125 0.18203125 0.109375
3 0.884375 0.159375 0.109375 0.13046875
3 0.71015625 0.47734375 0.06171875 0.08359375
1 0.71875 0.23203125 0.06171875 0.021875
1 0.49609375 0.2265625 0.06953125 0.05234375
1 0.4328125 0.91953125 0.05234375 0.059375