3 0.36875 0.3921875 0.06171875 0.0546875
3 0.42109375 0.41796875 0.07421875 0.06953125
3 0.28515625 0.54453125 0.1078125 0.09296875
3 0.196875 0.846875 0.06796875 0.04765625
3 0.1765625 0.7578125 0.065625 0.0359375
3 0.1453125 0.72109375 0.03125 0.05
3 0.24296875 0.63125 0.06328125 0.04921875
3 0.12890625 0.82578125 0.0484375 0.06015625
3 0.35 0.71640625 0.08203125 0.103125
3 0.34296875 0.66328125 0.05625 0.0625
3 0.396875 0.59609375 0.071875 0.0578125
3 0.47578125 0.5296875 0.06015625 0.09609375
3 0.6828125 0.39375 0.03984375 0.0484375
3 0.796875 0.1265625 0.1140625 0.0859375