3 0.23984375 0.4984375 0.1328125 0.071875
3 0.16953125 0.52890625 0.13359375 0.090625
3 0.13359375 0.6421875 0.12890625 0.0875
3 0.253125 0.6734375 0.109375 0.07890625
3 0.0328125 0.58046875 0.06484375 0.06875
3 0.35703125 0.575 0.11796875 0.0828125
3 0.56328125 0.5765625 0.13828125 0.0484375
3 0.57421875 0.68671875 0.08046875 0.07578125
3 0.73515625 0.68125 0.09453125 0.06953125
3 0.85859375 0.63984375 0.171875 0.0875
3 0.8390625 0.734375 0.0734375 0.07265625
3 0.74921875 0.571875 0.15625 0.059375
3 0.896875 0.59921875 0.05859375 0.0640625
1 0.803125 0.23046875 0.071875 0.05546875
1 0.73984375 0.04296875 0.04140625 0.06015625
1 0.81875 0.1703125 0.03828125 0.0515625
1 0.8046875 0.0890625 0.03828125 0.03125
1 0.87578125 0.184375 0.0453125 0.03203125
1 0.8734375 0.1375 0.0453125 0.03515625
1 0.9109375 0.27734375 0.0296875 0.04140625