1 0.6140625 0.32578125 0.046875 0.0390625
1 0.53359375 0.525 0.13359375 0.25390625
1 0.453125 0.77109375 0.16484375 0.19609375
1 0.28671875 0.46171875 0.10703125 0.08828125
1 0.246875 0.58984375 0.08828125 0.03828125
1 0.1734375 0.7609375 0.13828125 0.1609375
1 0.35 0.26171875 0.0828125 0.08984375
1 0.41875 0.1625 0.078125 0.08359375
1 0.71796875 0.19609375 0.06171875 0.0546875
1 0.79453125 0.1140625 0.090625 0.14453125
1 0.4890625 0.03203125 0.10703125 0.0640625
1 0.4078125 0.96796875 0.06875 0.0640625