1 0.5125 0.14296875 0.06953125 0.1140625
1 0.05625 0.39765625 0.1 0.1234375
1 0.10703125 0.27890625 0.0890625 0.0859375
1 0.040625 0.54296875 0.071875 0.134375
1 0.065625 0.82421875 0.0734375 0.0703125
1 0.05390625 0.7421875 0.0640625 0.09765625
1 0.09921875 0.665625 0.06484375 0.13125
1 0.28359375 0.52265625 0.06015625 0.1125
1 0.240625 0.6703125 0.05078125 0.06953125
1 0.2796875 0.94453125 0.1109375 0.1109375
1 0.51875 0.93125 0.05 0.09296875
3 0.68359375 0.88671875 0.05703125 0.103125
1 0.803125 0.65859375 0.06015625 0.0859375
1 0.64296875 0.3515625 0.065625 0.0703125
1 0.6234375 0.24921875 0.05625 0.06171875
1 0.6359375 0.14453125 0.0703125 0.08828125