3 0.87109375 0.38203125 0.21328125 0.134375
3 0.78671875 0.20390625 0.1375 0.09453125
3 0.66484375 0.234375 0.10546875 0.09140625
3 0.46875 0.20234375 0.04921875 0.096875
3 0.5859375 0.1140625 0.05 0.08203125
3 0.58828125 0.50859375 0.1484375 0.084375
3 0.32578125 0.50234375 0.184375 0.13359375
3 0.3984375 0.42890625 0.065625 0.08828125
3 0.484375 0.41328125 0.0359375 0.04453125
3 0.3515625 0.209375 0.15 0.159375
3 0.21484375 0.325 0.07734375 0.15390625
3 0.21640625 0.2125 0.0828125 0.05078125
3 0.18984375 0.7078125 0.0609375 0.0734375
3 0.03671875 0.7953125 0.0734375 0.13671875