3 0.56640625 0.24765625 0.08046875 0.14921875
3 0.64609375 0.1515625 0.071875 0.16796875
3 0.49453125 0.771875 0.08203125 0.1453125
3 0.53828125 0.84375 0.08046875 0.13515625
3 0.58515625 0.9734375 0.0765625 0.053125
3 0.65859375 0.87890625 0.07734375 0.11328125
3 0.67734375 0.73828125 0.0828125 0.12265625
3 0.56328125 0.6375 0.090625 0.1375
3 0.5765625 0.44921875 0.05625 0.0796875
3 0.6828125 0.41484375 0.08046875 0.08515625
3 0.68203125 0.2578125 0.075 0.13359375
3 0.60234375 0.0984375 0.0578125 0.06953125
3 0.72890625 0.1578125 0.0359375 0.0671875
3 0.803125 0.021875 0.046875 0.04296875