1 0.7265625 0.21953125 0.05390625 0.04921875
1 0.39140625 0.215625 0.12890625 0.13828125
1 0.440625 0.31328125 0.04375 0.03046875
1 0.5640625 0.46796875 0.14296875 0.11796875
1 0.596875 0.35703125 0.0953125 0.05546875
1 0.53515625 0.6296875 0.0578125 0.0375
1 0.4375 0.60625 0.16953125 0.075
1 0.37578125 0.42265625 0.0796875 0.04140625
1 0.1109375 0.92109375 0.0796875 0.06953125
1 0.13984375 0.83984375 0.09375 0.06171875
1 0.64453125 0.15546875 0.07578125 0.09765625
1 0.725 0.0390625 0.1078125 0.078125