3 0.6515625 0.096875 0.18984375 0.19296875
3 0.38203125 0.29453125 0.125 0.12265625
3 0.5953125 0.353125 0.11640625 0.1546875
3 0.32734375 0.4359375 0.078125 0.071875
3 0.321875 0.53046875 0.04921875 0.05625
3 0.28671875 0.70234375 0.03984375 0.0625
3 0.30859375 0.63984375 0.040625 0.0359375
3 0.13984375 0.63671875 0.178125 0.33203125
3 0.1453125 0.86328125 0.01875 0.02265625
3 0.18515625 0.87578125 0.025 0.0265625
3 0.27421875 0.9046875 0.05078125 0.04765625
3 0.21875 0.9453125 0.03359375 0.034375
3 0.30703125 0.76875 0.03125 0.0234375
3 0.475 0.6453125 0.2765625 0.41015625
3 0.35390625 0.6484375 0.03125 0.0328125
3 0.38828125 0.18125 0.028125 0.025
3 0.334375 0.12265625 0.040625 0.03046875
3 0.15859375 0.2890625 0.03125 0.046875
1 0.18828125 0.8109375 0.05625 0.03984375