1 0.59609375 0.40546875 0.06484375 0.0640625
1 0.634375 0.290625 0.0546875 0.046875
1 0.5765625 0.17109375 0.12734375 0.178125
1 0.7546875 0.01640625 0.05 0.0328125
1 0.85234375 0.07265625 0.11796875 0.1359375
1 0.9234375 0.15859375 0.0734375 0.0421875
1 0.80703125 0.32421875 0.096875 0.0625
1 0.76171875 0.478125 0.17421875 0.16875
1 0.7078125 0.684375 0.090625 0.06171875
1 0.61015625 0.66796875 0.14453125 0.0953125
1 0.1453125 0.96640625 0.1765625 0.06640625
1 0.1875 0.92890625 0.04296875 0.02578125
1 0.64296875 0.86875 0.06015625 0.0390625
1 0.4984375 0.509375 0.13671875 0.1875
1 0.27734375 0.7109375 0.07265625 0.0703125