3 0.43046875 0.4890625 0.16484375 0.08515625
3 0.1625 0.5953125 0.1671875 0.121875
3 0.21953125 0.790625 0.103125 0.08203125
3 0.34609375 0.76328125 0.14609375 0.08828125
3 0.4140625 0.88359375 0.05703125 0.09140625
3 0.5421875 0.78359375 0.05078125 0.0875
3 0.64375 0.7921875 0.11484375 0.1375
3 0.7703125 0.70859375 0.09296875 0.08828125
3 0.77734375 0.6265625 0.0828125 0.0640625
3 0.78828125 0.78828125 0.04453125 0.06484375
3 0.51796875 0.590625 0.0765625 0.06015625
3 0.61328125 0.57109375 0.07109375 0.06953125
3 0.9734375 0.178125 0.034375 0.13671875
3 0.671875 0.4890625 0.16484375 0.08125
3 0.8203125 0.2890625 0.06484375 0.05546875