1 0.19296875 0.33828125 0.05703125 0.115625
3 0.31796875 0.11875 0.05234375 0.12265625
1 0.353125 0.646875 0.05234375 0.0890625
1 0.3578125 0.85625 0.05 0.08515625
1 0.378125 0.76171875 0.05390625 0.07421875
1 0.490625 0.85234375 0.07890625 0.12734375
1 0.4953125 0.42421875 0.0578125 0.0859375
1 0.45625 0.275 0.03828125 0.04140625
1 0.478125 0.0671875 0.065625 0.11875
1 0.725 0.06328125 0.08359375 0.1265625
1 0.76171875 0.315625 0.06640625 0.1109375
1 0.72421875 0.47265625 0.07109375 0.12421875
1 0.7765625 0.91640625 0.046875 0.16640625
1 0.89453125 0.7296875 0.08203125 0.1046875
1 0.93515625 0.596875 0.08046875 0.13046875
1 0.96015625 0.44453125 0.065625 0.128125
1 0.90703125 0.3421875 0.04453125 0.1328125
1 0.95078125 0.23125 0.06875 0.1609375