3 0.5046875 0.2359375 0.0703125 0.1296875
3 0.46953125 0.1546875 0.05625 0.10078125
3 0.35703125 0.115625 0.06875 0.12421875
3 0.334375 0.26484375 0.05546875 0.115625
3 0.4328125 0.36484375 0.07265625 0.1078125
3 0.31328125 0.584375 0.05859375 0.09296875
3 0.42734375 0.5390625 0.0484375 0.0875
3 0.26328125 0.83359375 0.04140625 0.10234375
3 0.36328125 0.85 0.07734375 0.1484375
3 0.32734375 0.74140625 0.06484375 0.11015625
3 0.43671875 0.753125 0.06484375 0.1234375
3 0.4203125 0.0296875 0.046875 0.059375