1 0.57265625 0.134375 0.08671875 0.1140625
1 0.36640625 0.3015625 0.1203125 0.12109375
1 0.375 0.1859375 0.09296875 0.09140625
1 0.2203125 0.34296875 0.0796875 0.04765625
1 0.49375 0.51484375 0.09453125 0.0421875
1 0.49453125 0.4328125 0.08671875 0.025
1 0.63515625 0.3421875 0.11484375 0.15546875
1 0.5921875 0.58125 0.1453125 0.12734375
1 0.2421875 0.54609375 0.15078125 0.11015625
1 0.2578125 0.45390625 0.10625 0.04609375
1 0.190625 0.69609375 0.11953125 0.04921875
1 0.35234375 0.6875 0.19296875 0.103125
1 0.78125 0.71328125 0.07734375 0.040625
1 0.77578125 0.896875 0.134375 0.06953125
1 0.865625 0.9671875 0.0734375 0.040625
1 0.91015625 0.896875 0.05546875 0.02578125
1 0.50234375 0.23203125 0.0484375 0.0375
1 0.5359375 0.328125 0.02734375 0.01640625