3 0.353125 0.34140625 0.03125 0.0203125
3 0.3640625 0.28125 0.08359375 0.090625
3 0.29296875 0.45078125 0.11875 0.075
3 0.2453125 0.36328125 0.06875 0.05
3 0.1453125 0.2796875 0.04609375 0.02578125
3 0.184375 0.2390625 0.0625 0.0609375
3 0.13203125 0.17421875 0.05078125 0.05
3 0.19296875 0.13515625 0.09375 0.08046875
3 0.36484375 0.60625 0.0625 0.04765625
3 0.43828125 0.58359375 0.1203125 0.0828125
3 0.79140625 0.86640625 0.08125 0.075
3 0.7875 0.8078125 0.0328125 0.034375
3 0.86328125 0.96015625 0.06328125 0.0796875
3 0.86640625 0.85390625 0.03984375 0.03671875
3 0.6890625 0.60859375 0.04453125 0.03515625
3 0.48359375 0.4609375 0.0875 0.1
3 0.40390625 0.40078125 0.04375 0.04609375