3 0.83359375 0.075 0.0453125 0.07421875
3 0.91953125 0.15859375 0.1609375 0.0984375
3 0.66171875 0.20234375 0.0453125 0.071875
3 0.51640625 0.23671875 0.18515625 0.153125
3 0.33671875 0.378125 0.12734375 0.1109375
3 0.31171875 0.28828125 0.09140625 0.065625
3 0.4921875 0.50078125 0.18828125 0.09375
3 0.58671875 0.409375 0.075 0.0453125
3 0.7078125 0.371875 0.03671875 0.04140625
3 0.84296875 0.4140625 0.171875 0.0765625
3 0.30078125 0.71875 0.07890625 0.0640625
3 0.0390625 0.83203125 0.078125 0.134375