1 0.51328125 0.5015625 0.0984375 0.190625
1 0.41328125 0.17265625 0.10625 0.17578125
1 0.36875 0.28828125 0.0703125 0.0515625
1 0.1796875 0.0921875 0.12109375 0.1453125
1 0.0921875 0.16953125 0.07734375 0.053125
1 0.234375 0.46796875 0.1484375 0.153125
1 0.2046875 0.33203125 0.0921875 0.05546875
1 0.40390625 0.39609375 0.0921875 0.08515625
1 0.28671875 0.68203125 0.084375 0.084375
1 0.3953125 0.6828125 0.1640625 0.1171875
1 0.71953125 0.71328125 0.0609375 0.06171875
1 0.85078125 0.9609375 0.1765625 0.078125