3 0.3171875 0.134375 0.03671875 0.1125
1 0.1953125 0.34921875 0.0453125 0.115625
1 0.35859375 0.653125 0.05078125 0.08046875
1 0.35 0.85703125 0.06015625 0.0734375
1 0.375 0.76328125 0.0609375 0.059375
1 0.49375 0.865625 0.0703125 0.11328125
1 0.496875 0.43359375 0.06015625 0.075
1 0.465625 0.2796875 0.03671875 0.0625
1 0.4828125 0.0703125 0.05625 0.1125
1 0.725 0.06640625 0.08125 0.1328125
1 0.759375 0.30703125 0.04765625 0.11953125
1 0.72265625 0.47890625 0.06796875 0.13046875
1 0.90234375 0.3453125 0.0609375 0.1171875
1 0.9484375 0.265625 0.07265625 0.10078125
1 0.93203125 0.178125 0.06484375 0.0671875
1 0.95546875 0.45390625 0.0671875 0.1203125
1 0.940625 0.61171875 0.06171875 0.14296875
1 0.90390625 0.73203125 0.0734375 0.1125
1 0.96640625 0.8109375 0.04453125 0.04375
1 0.76484375 0.9140625 0.0625 0.17109375