3 0.353125 0.3578125 0.13828125 0.1125
3 0.1203125 0.425 0.1203125 0.07578125
3 0.17421875 0.62890625 0.0828125 0.0796875
3 0.290625 0.64140625 0.0875 0.09609375
3 0.34453125 0.79453125 0.03984375 0.0953125
3 0.45078125 0.74140625 0.0484375 0.10078125
3 0.54375 0.77890625 0.11015625 0.1578125
3 0.68984375 0.80703125 0.05546875 0.08125
3 0.6671875 0.6578125 0.0671875 0.17265625
3 0.434375 0.51328125 0.05078125 0.08359375
3 0.50859375 0.5125 0.04453125 0.09921875
3 0.5734375 0.4265625 0.146875 0.13359375
3 0.7171875 0.22265625 0.05234375 0.09296875
3 0.896875 0.23984375 0.07421875 0.12890625
3 0.8921875 0.096875 0.0515625 0.06953125
3 0.95625 0.1515625 0.0453125 0.07421875