1 0.64453125 0.14140625 0.05 0.103125
1 0.62890625 0.2515625 0.06328125 0.05625
1 0.6453125 0.34375 0.0515625 0.05859375
1 0.8078125 0.66015625 0.03984375 0.08828125
1 0.6875 0.884375 0.03671875 0.13046875
1 0.51953125 0.93515625 0.04609375 0.0984375
1 0.509375 0.56953125 0.03984375 0.053125
1 0.5125 0.14140625 0.0671875 0.11328125
1 0.23203125 0.08359375 0.0578125 0.12109375
1 0.27421875 0.52421875 0.06796875 0.11796875
1 0.2359375 0.69921875 0.0296875 0.1140625
1 0.26640625 0.93125 0.0859375 0.13671875
1 0.0515625 0.7734375 0.08984375 0.15078125
1 0.09921875 0.66328125 0.05234375 0.1109375
1 0.0453125 0.55 0.06875 0.1140625
1 0.06484375 0.3984375 0.08046875 0.15
1 0.1109375 0.27890625 0.0625 0.08515625