3 0.5671875 0.53203125 0.13046875 0.103125
3 0.4078125 0.37265625 0.13984375 0.10078125
3 0.53046875 0.36015625 0.0859375 0.05390625
3 0.13984375 0.15859375 0.09296875 0.0859375
3 0.109375 0.0765625 0.0921875 0.06875
3 0.60390625 0.65234375 0.09765625 0.05625
3 0.65546875 0.8609375 0.09296875 0.10859375
3 0.71328125 0.771875 0.071875 0.0546875
3 0.37109375 0.57265625 0.05390625 0.034375
3 0.37421875 0.7953125 0.1171875 0.14609375
3 0.4234375 0.6765625 0.0515625 0.04609375
3 0.73046875 0.9640625 0.096875 0.07109375