3 0.20078125 0.13359375 0.071875 0.08515625
3 0.5640625 0.40546875 0.11484375 0.09453125
3 0.64140625 0.39921875 0.07265625 0.03359375
3 0.7015625 0.54453125 0.14140625 0.11171875
3 0.646875 0.64765625 0.040625 0.0375
3 0.75703125 0.6453125 0.0734375 0.05078125
3 0.80859375 0.86796875 0.07578125 0.08203125
3 0.81953125 0.7671875 0.0484375 0.0546875
3 0.875 0.821875 0.0578125 0.05703125
3 0.63671875 0.72578125 0.1 0.109375
3 0.59609375 0.59296875 0.04140625 0.0390625
3 0.5140625 0.5359375 0.07734375 0.10703125
3 0.31484375 0.38671875 0.05703125 0.053125
3 0.84765625 0.71875 0.03671875 0.02890625