1 0.94140625 0.3921875 0.07265625 0.1546875
1 0.95625 0.55234375 0.0625 0.1453125
1 0.90546875 0.66328125 0.0640625 0.1125
1 0.9375 0.7671875 0.07734375 0.17109375
1 0.72578125 0.92734375 0.0875 0.140625
1 0.759375 0.67734375 0.0671875 0.1203125
1 0.7265625 0.53359375 0.0859375 0.125
1 0.77265625 0.09296875 0.05703125 0.16796875
1 0.5109375 0.15 0.0875 0.1328125
1 0.371875 0.23125 0.05859375 0.07734375
1 0.3609375 0.1546875 0.05 0.0796875
1 0.35546875 0.34375 0.03125 0.075
3 0.490625 0.5671875 0.04375 0.0671875
3 0.47890625 0.93203125 0.0484375 0.08828125
3 0.32109375 0.878125 0.0625 0.11328125
3 0.19375 0.659375 0.04453125 0.10625