1 0.16328125 0.86484375 0.26640625 0.2703125
3 0.57265625 0.19140625 0.13984375 0.084375
3 0.73984375 0.0703125 0.2265625 0.13984375
3 0.60390625 0.34765625 0.08984375 0.0640625
3 0.6890625 0.34609375 0.053125 0.04375
3 0.70703125 0.28046875 0.08359375 0.06328125
3 0.45078125 0.41640625 0.15625 0.16640625
3 0.46484375 0.30390625 0.10078125 0.065625
3 0.4828125 0.471875 0.1 0.10859375
3 0.3578125 0.6171875 0.10234375 0.065625
3 0.3671875 0.51484375 0.0828125 0.0421875
3 0.271875 0.69296875 0.096875 0.065625