1 0.63203125 0.34609375 0.06875 0.07890625
1 0.7203125 0.26015625 0.09296875 0.0984375
1 0.359375 0.32734375 0.4171875 0.2921875
1 0.334375 0.38125 0.06484375 0.0734375
1 0.44140625 0.3640625 0.0375 0.03671875
1 0.5296875 0.34921875 0.05625 0.0609375
1 0.40703125 0.3234375 0.0390625 0.04609375
1 0.0234375 0.528125 0.046875 0.0703125
1 0.10703125 0.52890625 0.08359375 0.08359375
1 0.2203125 0.61484375 0.22265625 0.16328125
1 0.509375 0.57890625 0.05234375 0.08125
1 0.56484375 0.48828125 0.034375 0.034375
1 0.43671875 0.54296875 0.121875 0.0734375
1 0.26796875 0.7921875 0.09609375 0.1046875
1 0.346875 0.7734375 0.11015625 0.0625
1 0.328125 0.7296875 0.07265625 0.040625
1 0.6046875 0.61328125 0.06796875 0.075
1 0.6984375 0.6171875 0.05 0.04375
1 0.82265625 0.1671875 0.08515625 0.0671875
1 0.953125 0.1453125 0.09296875 0.10078125
1 0.78984375 0.37734375 0.02421875 0.025
1 0.065625 0.86328125 0.07890625 0.08671875
1 0.128125 0.78203125 0.0765625 0.09296875
1 0.7046875 0.53046875 0.11640625 0.0546875
1 0.77578125 0.5453125 0.03046875 0.0328125