1 0.8953125 0.26875 0.0703125 0.0921875
1 0.93515625 0.39375 0.07890625 0.13828125
1 0.90546875 0.6578125 0.059375 0.125
1 0.9578125 0.55078125 0.084375 0.1171875
1 0.93984375 0.81953125 0.05390625 0.05390625
1 0.946875 0.73828125 0.0578125 0.09375
1 0.775 0.0765625 0.0703125 0.153125
1 0.72109375 0.52421875 0.0734375 0.10625
1 0.7609375 0.675 0.02890625 0.06953125
1 0.728125 0.93828125 0.08359375 0.1234375
1 0.48359375 0.9296875 0.06015625 0.09140625
1 0.459375 0.7265625 0.028125 0.065625
1 0.49140625 0.56875 0.04765625 0.0625
1 0.49765625 0.13671875 0.07109375 0.1078125
1 0.35859375 0.14453125 0.06484375 0.07578125
1 0.35078125 0.34453125 0.0484375 0.08046875
1 0.378125 0.2421875 0.0703125 0.06640625
3 0.315625 0.87890625 0.04765625 0.11328125
1 0.19453125 0.65234375 0.059375 0.090625