3 0.08828125 0.40703125 0.0421875 0.05859375
3 0.15234375 0.36484375 0.1703125 0.06640625
3 0.24375 0.4328125 0.16171875 0.06015625
3 0.25625 0.31953125 0.11953125 0.059375
3 0.16328125 0.259375 0.06796875 0.034375
3 0.409375 0.3125 0.11015625 0.06171875
3 0.63671875 0.4265625 0.11484375 0.07265625
3 0.75234375 0.50234375 0.1578125 0.0671875
3 0.83125 0.46796875 0.09921875 0.046875
3 0.7359375 0.33046875 0.11328125 0.05546875
3 0.890625 0.34921875 0.096875 0.04375
1 0.45234375 0.421875 0.09140625 0.0421875
1 0.1828125 0.90078125 0.04375 0.04921875
1 0.13046875 0.86171875 0.0484375 0.02734375
1 0.1234375 0.81875 0.03828125 0.04140625
1 0.1859375 0.7875 0.046875 0.05390625
1 0.09375 0.7328125 0.0515625 0.05234375