1 0.52734375 0.4015625 0.07734375 0.14609375
1 0.19765625 0.215625 0.084375 0.08046875
1 0.39765625 0.15234375 0.13359375 0.153125
1 0.24921875 0.34921875 0.0703125 0.11953125
1 0.12890625 0.41953125 0.084375 0.05859375
1 0.2171875 0.63671875 0.1484375 0.11796875
1 0.209375 0.54375 0.1109375 0.05546875
1 0.5171875 0.6734375 0.08125 0.1296875
1 0.30390625 0.77890625 0.28515625 0.0875
1 0.43671875 0.6 0.05078125 0.05703125
1 0.4125 0.51484375 0.06796875 0.0640625
1 0.7125 0.80390625 0.0859375 0.05859375
1 0.85703125 0.9640625 0.22578125 0.07109375