3 0.88125 0.34453125 0.06953125 0.08515625
3 0.96796875 0.2546875 0.06328125 0.103125
3 0.7828125 0.28125 0.0375 0.06484375
3 0.64921875 0.4046875 0.04453125 0.08984375
3 0.78828125 0.609375 0.12109375 0.09921875
3 0.58125 0.62421875 0.05546875 0.05234375
3 0.68125 0.5734375 0.04609375 0.0453125
3 0.5203125 0.434375 0.13671875 0.1390625
3 0.38671875 0.57578125 0.07109375 0.1203125
3 0.36484375 0.46953125 0.06640625 0.06328125
3 0.07265625 0.8890625 0.05390625 0.0765625
3 0.146875 0.86015625 0.08359375 0.10234375