1 0.33671875 0.3921875 0.121875 0.153125
1 0.3203125 0.28203125 0.084375 0.07109375
1 0.52109375 0.2375 0.17734375 0.16328125
1 0.67109375 0.2015625 0.0578125 0.0828125
1 0.83125 0.07265625 0.05859375 0.07421875
1 0.91875 0.165625 0.153125 0.09921875
1 0.5984375 0.41015625 0.07890625 0.078125
1 0.70625 0.37421875 0.0453125 0.06484375
1 0.83515625 0.41953125 0.19609375 0.1140625
1 0.48984375 0.50546875 0.1890625 0.1171875
1 0.29375 0.71171875 0.07421875 0.08515625
1 0.03359375 0.825 0.06640625 0.11640625