3 0.78359375 0.35234375 0.14453125 0.11796875
3 0.78671875 0.45703125 0.0890625 0.0515625
3 0.871875 0.58125 0.07734375 0.04609375
3 0.76015625 0.640625 0.06796875 0.1078125
3 0.79375 0.771875 0.07578125 0.1078125
3 0.48828125 0.571875 0.11015625 0.1578125
3 0.49140625 0.32109375 0.1078125 0.16640625
3 0.57265625 0.396875 0.05546875 0.0421875
3 0.59140625 0.47265625 0.0234375 0.034375
3 0.64609375 0.20625 0.15546875 0.0828125
3 0.78828125 0.21640625 0.07890625 0.0546875
3 0.203125 0.02578125 0.140625 0.0515625
3 0.29609375 0.1921875 0.06796875 0.06015625