1 0.4265625 0.50078125 0.07109375 0.059375
1 0.55625 0.4203125 0.0953125 0.0578125
1 0.5375 0.5640625 0.1328125 0.075
1 0.58359375 0.471875 0.04765625 0.0328125
1 0.58359375 0.8 0.140625 0.0703125
1 0.26484375 0.603125 0.12421875 0.0828125
1 0.1578125 0.73125 0.128125 0.0671875
1 0.0296875 0.8875 0.059375 0.0875
1 0.1109375 0.84296875 0.1375 0.109375
1 0.06328125 0.40625 0.1265625 0.08828125
1 0.3734375 0.22265625 0.22734375 0.096875
1 0.6390625 0.05625 0.12734375 0.06953125
1 0.9015625 0.2671875 0.04296875 0.0390625