1 0.63671875 0.50703125 0.17578125 0.121875
1 0.71171875 0.6609375 0.23125 0.13359375
1 0.94609375 0.77578125 0.0625 0.06015625
1 0.65078125 0.96015625 0.0765625 0.0359375
1 0.7796875 0.39375 0.0625 0.065625
1 0.3703125 0.47890625 0.1015625 0.0609375
1 0.384375 0.29375 0.09296875 0.08203125
1 0.5609375 0.2390625 0.10390625 0.06484375
1 0.696875 0.12890625 0.0515625 0.0359375
1 0.2359375 0.12890625 0.046875 0.04140625
1 0.11484375 0.0296875 0.10859375 0.0578125
1 0.053125 0.16796875 0.0890625 0.084375
1 0.053125 0.634375 0.05546875 0.06015625