1 0.27265625 0.51953125 0.0578125 0.04375
1 0.34296875 0.4671875 0.14375 0.07421875
1 0.153125 0.52421875 0.1765625 0.06953125
1 0.09765625 0.37421875 0.0640625 0.07578125
1 0.02890625 0.31015625 0.0578125 0.08515625
1 0.1265625 0.46328125 0.09375 0.0453125
1 0.16328125 0.38203125 0.078125 0.040625
1 0.22734375 0.43515625 0.03203125 0.02265625
1 0.24921875 0.3625 0.08359375 0.0484375
1 0.49921875 0.5109375 0.2265625 0.140625
1 0.553125 0.3828125 0.09140625 0.04609375
1 0.4984375 0.33515625 0.109375 0.053125
1 0.57421875 0.321875 0.0703125 0.05
1 0.684375 0.38046875 0.07734375 0.075
1 0.921875 0.49296875 0.15625 0.07578125
1 0.83984375 0.440625 0.03515625 0.021875
1 0.94140625 0.44296875 0.05625 0.034375
1 0.94140625 0.38046875 0.11640625 0.07109375
1 0.7765625 0.3453125 0.13046875 0.103125
1 0.659375 0.55625 0.15078125 0.08671875
1 0.03984375 0.52265625 0.05078125 0.04921875
1 0.17578125 0.3203125 0.05078125 0.03125
1 0.31171875 0.2859375 0.1359375 0.05234375
1 0.709375 0.471875 0.07734375 0.0453125
1 0.96640625 0.640625 0.0671875 0.0671875
1 0.77734375 0.44453125 0.04765625 0.034375
1 0.84296875 0.6 0.059375 0.05078125
1 0.36640625 0.37890625 0.09296875 0.08984375