1 0.39609375 0.390625 0.0703125 0.08125
1 0.4734375 0.3828125 0.0625 0.10703125
1 0.51484375 0.2328125 0.05859375 0.09375
1 0.32578125 0.259375 0.03046875 0.03046875
1 0.3828125 0.2421875 0.04375 0.03828125
1 0.25546875 0.184375 0.01875 0.02890625
1 0.37734375 0.19375 0.0203125 0.025
1 0.36875 0.859375 0.0375 0.0671875
1 0.42421875 0.83125 0.05625 0.0328125
1 0.48203125 0.81171875 0.0421875 0.08515625
1 0.4359375 0.9171875 0.0171875 0.04140625
1 0.5234375 0.90078125 0.0421875 0.07109375
1 0.39765625 0.9515625 0.04921875 0.07265625
1 0.64296875 0.96953125 0.0390625 0.05546875
1 0.5625 0.81796875 0.06640625 0.0765625
1 0.43828125 0.77578125 0.0296875 0.07109375
1 0.44375 0.6875 0.0375 0.090625
1 0.4828125 0.66953125 0.04375 0.05703125
1 0.559375 0.61171875 0.0390625 0.07578125
1 0.3109375 0.70078125 0.0296875 0.05078125
1 0.3390625 0.67578125 0.04375 0.0546875
1 0.36328125 0.7109375 0.03515625 0.05390625
1 0.3828125 0.64375 0.05234375 0.065625
1 0.4703125 0.56171875 0.0484375 0.14296875
1 0.51171875 0.51328125 0.08125 0.0796875
1 0.5296875 0.4515625 0.05859375 0.0859375
1 0.32265625 0.55625 0.053125 0.06640625
1 0.38359375 0.5359375 0.0453125 0.0765625
1 0.32734375 0.50078125 0.04453125 0.0671875
1 0.2921875 0.371875 0.09140625 0.11875
1 0.36796875 0.31328125 0.0390625 0.05
1 0.52890625 0.32890625 0.05390625 0.0578125
1 0.4609375 0.215625 0.0296875 0.0421875
1 0.42890625 0.17734375 0.02421875 0.028125
1 0.52265625 0.15078125 0.05703125 0.05078125
1 0.32265625 0.13671875 0.05078125 0.053125
1 0.40390625 0.1015625 0.02734375 0.0234375
1 0.29453125 0.0640625 0.02265625 0.01875
1 0.33828125 0.0578125 0.021875 0.03515625
1 0.396875 0.06171875 0.03515625 0.02265625
1 0.46796875 0.0203125 0.0265625 0.03203125
1 0.25625 0.02421875 0.0125 0.021875
1 0.6421875 0.83125 0.04140625 0.0328125