1 0.265625 0.02109375 0.08046875 0.0421875
1 0.37578125 0.03125 0.04375 0.0359375
1 0.77890625 0.0125 0.1078125 0.025
1 0.353125 0.1328125 0.040625 0.03046875
1 0.21171875 0.22265625 0.16171875 0.09375
1 0.08203125 0.09453125 0.10234375 0.0640625
1 0.05859375 0.2171875 0.11640625 0.0796875
1 0.428125 0.43671875 0.103125 0.05390625
1 0.70390625 0.53203125 0.09609375 0.0578125
1 0.61484375 0.65234375 0.17734375 0.09296875
1 0.5 0.73515625 0.07734375 0.05546875
1 0.6 0.73125 0.06484375 0.04140625
1 0.7265625 0.38359375 0.0453125 0.0328125
1 0.93125 0.2890625 0.05546875 0.0359375
1 0.94921875 0.39375 0.1015625 0.0625
1 0.91640625 0.3484375 0.0296875 0.02265625
1 0.91953125 0.5484375 0.11796875 0.0625
1 0.9859375 0.2265625 0.028125 0.046875
1 0.6796875 0.17265625 0.1015625 0.05859375
1 0.7703125 0.20625 0.1203125 0.0703125
1 0.56640625 0.265625 0.04765625 0.04140625
1 0.5890625 0.2125 0.10546875 0.075