1 0.5359375 0.38671875 0.0921875 0.0578125
1 0.38671875 0.4765625 0.08984375 0.06953125
1 0.221875 0.515625 0.08671875 0.053125
1 0.2 0.3796875 0.0265625 0.02734375
1 0.1328125 0.3140625 0.04453125 0.03515625
1 0.0671875 0.290625 0.03203125 0.01875
1 0.3515625 0.28828125 0.0390625 0.02890625
1 0.36640625 0.26328125 0.12890625 0.02734375
1 0.5609375 0.32109375 0.05625 0.03515625
1 0.5 0.328125 0.05234375 0.03671875
1 0.6390625 0.38125 0.0484375 0.040625
1 0.68203125 0.3421875 0.05 0.04296875
1 0.71953125 0.36875 0.04140625 0.03046875
1 0.70390625 0.30859375 0.05078125 0.0421875
1 0.85546875 0.37265625 0.0625 0.03828125
1 0.92265625 0.4375 0.03203125 0.03046875
1 0.93203125 0.3953125 0.06875 0.04140625
1 0.8109375 0.48671875 0.10703125 0.04453125
1 0.9 0.52109375 0.0703125 0.03203125
1 0.615625 0.5546875 0.08515625 0.0375
1 0.46015625 0.53828125 0.10703125 0.0359375
1 0.5625 0.5015625 0.10859375 0.0578125
1 0.65703125 0.478125 0.040625 0.03203125
1 0.21328125 0.4609375 0.0359375 0.03203125
1 0.24453125 0.38203125 0.034375 0.03359375
1 0.31171875 0.365625 0.03046875 0.015625
1 0.15625 0.53046875 0.05703125 0.04375
1 0.83046875 0.44140625 0.0390625 0.01796875