1 0.30703125 0.5546875 0.03125 0.03359375
1 0.403125 0.5125 0.05234375 0.0734375
1 0.2703125 0.3546875 0.12109375 0.1046875
1 0.13359375 0.5296875 0.1109375 0.1171875
1 0.2015625 0.83828125 0.14296875 0.11171875
1 0.48046875 0.90234375 0.10234375 0.09375
1 0.4390625 0.759375 0.09140625 0.11015625
1 0.37734375 0.640625 0.0296875 0.02265625
1 0.49140625 0.6390625 0.040625 0.05625
1 0.53828125 0.7671875 0.06328125 0.08984375
1 0.5546875 0.65859375 0.05234375 0.05390625
1 0.65625 0.57109375 0.05859375 0.05703125
1 0.42265625 0.30078125 0.053125 0.05546875
1 0.334375 0.2296875 0.0375 0.02734375
1 0.3828125 0.25703125 0.02734375 0.015625
1 0.37578125 0.1953125 0.040625 0.02578125
1 0.30625 0.1296875 0.04453125 0.05
1 0.26328125 0.0828125 0.05078125 0.04140625
1 0.45078125 0.20390625 0.03203125 0.03359375
1 0.5625 0.17578125 0.0671875 0.0578125
1 0.49609375 0.34140625 0.05 0.03359375
1 0.5125 0.27734375 0.065625 0.034375
1 0.59296875 0.36484375 0.034375 0.03125
1 0.64765625 0.34765625 0.05 0.0328125
1 0.75078125 0.23125 0.03828125 0.05390625
1 0.81484375 0.28828125 0.0390625 0.05703125
1 0.90546875 0.24921875 0.03828125 0.0625
1 0.80546875 0.4140625 0.06015625 0.08125
1 0.7234375 0.53515625 0.04609375 0.06484375
1 0.82265625 0.5515625 0.04453125 0.0890625
1 0.759375 0.68671875 0.034375 0.03125
1 0.58828125 0.80390625 0.053125 0.0703125
1 0.59296875 0.9296875 0.06640625 0.10859375
1 0.28203125 0.903125 0.053125 0.0328125
1 0.15078125 0.96328125 0.04375 0.0375
1 0.4296875 0.159375 0.028125 0.0203125
1 0.18671875 0.30390625 0.04453125 0.04375
1 0.17109375 0.43515625 0.053125 0.03828125
1 0.22265625 0.665625 0.04296875 0.0640625
1 0.06015625 0.7203125 0.0359375 0.05
1 0.11953125 0.6296875 0.04609375 0.0453125
1 0.075 0.86953125 0.0390625 0.0234375
1 0.91875 0.153125 0.05625 0.09296875
1 0.82734375 0.12265625 0.05703125 0.0625