1 0.96953125 0.44296875 0.06015625 0.0515625
1 0.9203125 0.5921875 0.159375 0.109375
1 0.71796875 0.47578125 0.15078125 0.08515625
1 0.63671875 0.63828125 0.0453125 0.03984375
1 0.64609375 0.546875 0.11328125 0.0359375
1 0.70234375 0.765625 0.1234375 0.0765625
1 0.84609375 0.79375 0.11171875 0.0703125
1 0.75078125 0.53828125 0.03828125 0.03046875
1 0.05 0.50703125 0.1 0.0703125
1 0.378125 0.7234375 0.140625 0.115625
1 0.1203125 0.74375 0.15078125 0.08125
1 0.23046875 0.82265625 0.10625 0.046875
1 0.04140625 0.92421875 0.0828125 0.07265625
1 0.35859375 0.8375 0.05234375 0.03203125
1 0.32421875 0.95234375 0.040625 0.0390625
1 0.71953125 0.97734375 0.10390625 0.04453125