1 0.73359375 0.6421875 0.12109375 0.15078125
1 0.80859375 0.178125 0.1421875 0.1328125
1 0.871875 0.45546875 0.084375 0.08515625
1 0.5234375 0.0890625 0.0875 0.1015625
1 0.59296875 0.4859375 0.0765625 0.07421875
1 0.45234375 0.334375 0.06640625 0.04921875
1 0.1765625 0.45546875 0.065625 0.09765625
1 0.2765625 0.4671875 0.06484375 0.0546875
1 0.34375 0.42734375 0.0515625 0.05859375
1 0.85 0.034375 0.03046875 0.04921875
1 0.48984375 0.72109375 0.0546875 0.0296875
1 0.5828125 0.69375 0.05625 0.06171875
1 0.45625 0.8296875 0.04296875 0.03359375
1 0.5671875 0.834375 0.04140625 0.03359375
1 0.553125 0.790625 0.04296875 0.03828125
1 0.6171875 0.8 0.0546875 0.0453125
1 0.61875 0.74375 0.04453125 0.05390625
1 0.6703125 0.76484375 0.04453125 0.0453125
1 0.68984375 0.9328125 0.025 0.0234375
1 0.68515625 0.85859375 0.028125 0.0375
1 0.73046875 0.909375 0.04375 0.04296875
1 0.74921875 0.80625 0.046875 0.07890625
1 0.821875 0.69921875 0.06875 0.07265625
1 0.83984375 0.56953125 0.046875 0.04921875
1 0.5125 0.65546875 0.0390625 0.05234375
1 0.43515625 0.56875 0.0578125 0.05390625
1 0.54921875 0.57109375 0.0359375 0.02578125
1 0.63828125 0.57578125 0.0484375 0.04140625
1 0.25390625 0.7671875 0.03515625 0.04921875
1 0.3046875 0.76953125 0.040625 0.05703125
1 0.0875 0.8421875 0.04296875 0.065625
1 0.09609375 0.75625 0.03359375 0.05078125
1 0.17578125 0.71171875 0.03984375 0.05703125
1 0.175 0.57265625 0.025 0.07265625
1 0.20703125 0.60234375 0.0453125 0.0328125
1 0.38125 0.65859375 0.10703125 0.0546875
1 0.43359375 0.44765625 0.025 0.04765625
1 0.525 0.34375 0.0578125 0.09140625
1 0.62890625 0.35625 0.0609375 0.0734375
1 0.7796875 0.340625 0.05546875 0.06796875
1 0.68984375 0.4359375 0.06953125 0.0578125
1 0.56796875 0.23125 0.06015625 0.1328125
1 0.38046875 0.2796875 0.08515625 0.0796875
1 0.4 0.19296875 0.065625 0.09375
1 0.4609375 0.22578125 0.0703125 0.0640625
1 0.1671875 0.871875 0.0578125 0.03828125
1 0.1578125 0.98671875 0.09765625 0.0265625
1 0.1953125 0.94375 0.06484375 0.028125
1 0.06796875 0.68828125 0.03984375 0.0375
1 0.24453125 0.3421875 0.05 0.1171875
1 0.42265625 0.08203125 0.05703125 0.11796875