1 0.125 0.640625 0.11953125 0.071875
1 0.29375 0.64765625 0.05390625 0.0609375
1 0.43046875 0.83046875 0.11796875 0.10546875
1 0.70625 0.95078125 0.153125 0.08046875
1 0.925 0.76640625 0.1078125 0.10234375
1 0.68203125 0.67421875 0.1453125 0.115625
1 0.93828125 0.5234375 0.1234375 0.06640625
1 0.9375 0.3859375 0.09296875 0.05859375
1 0.965625 0.303125 0.06796875 0.08046875
1 0.8671875 0.24296875 0.096875 0.05625
1 0.93203125 0.1109375 0.10859375 0.0578125
1 0.49296875 0.075 0.09375 0.06328125
1 0.509375 0.28359375 0.0765625 0.065625
1 0.5109375 0.534375 0.10390625 0.0765625
1 0.5484375 0.44609375 0.07109375 0.0578125
1 0.6171875 0.37109375 0.0875 0.090625
1 0.1859375 0.44375 0.0671875 0.04140625
1 0.26796875 0.42421875 0.0859375 0.07734375
1 0.1953125 0.2734375 0.0890625 0.0828125
1 0.3609375 0.28671875 0.05390625 0.0390625