1 0.8078125 0.2859375 0.1484375 0.08125
1 0.9046875 0.36328125 0.1453125 0.08125
1 0.91484375 0.2984375 0.09921875 0.0484375
1 0.62734375 0.36875 0.29453125 0.13046875
1 0.478125 0.5765625 0.03515625 0.03203125
1 0.5796875 0.50625 0.05234375 0.0453125
1 0.62421875 0.45234375 0.1015625 0.06015625
1 0.74140625 0.45703125 0.053125 0.04140625
1 0.82578125 0.51015625 0.08125 0.0734375
1 0.915625 0.62109375 0.10625 0.06328125
1 0.91484375 0.56953125 0.08046875 0.0546875
1 0.953125 0.478125 0.071875 0.0578125
1 0.32734375 0.49609375 0.2703125 0.1625
1 0.0984375 0.71796875 0.19609375 0.046875
1 0.03125 0.628125 0.0625 0.046875
1 0.03359375 0.58046875 0.0671875 0.0625
1 0.10859375 0.6765625 0.11328125 0.06328125
1 0.31640625 0.6484375 0.2203125 0.1046875
1 0.51484375 0.63828125 0.13515625 0.11171875
1 0.73984375 0.5953125 0.11796875 0.078125
1 0.81796875 0.61875 0.1046875 0.07109375
1 0.75 0.78046875 0.08046875 0.06953125
1 0.91796875 0.7546875 0.0765625 0.05234375
1 0.52578125 0.69921875 0.05078125 0.05234375
1 0.40390625 0.553125 0.034375 0.0265625
1 0.34140625 0.5875 0.04609375 0.03203125
1 0.2265625 0.53984375 0.05234375 0.03828125
1 0.0953125 0.78515625 0.0921875 0.059375
1 0.25703125 0.91484375 0.0515625 0.0328125
1 0.35 0.91484375 0.0625 0.0375
1 0.44453125 0.93203125 0.04921875 0.03828125
1 0.57890625 0.903125 0.26171875 0.0625
1 0.7765625 0.8890625 0.09765625 0.05234375
1 0.94296875 0.859375 0.1109375 0.03359375
1 0.878125 0.91015625 0.046875 0.04921875
1 0.9375 0.89609375 0.04921875 0.03203125
1 0.96875 0.91875 0.06171875 0.04921875
1 0.84296875 0.8578125 0.0515625 0.046875
1 0.66640625 0.56328125 0.04296875 0.046875
1 0.64140625 0.63984375 0.05859375 0.03828125
1 0.71328125 0.67109375 0.06484375 0.0484375
1 0.1390625 0.6171875 0.1140625 0.03515625
1 0.18046875 0.565625 0.021875 0.01796875
1 0.1203125 0.57734375 0.025 0.0203125