1 0.7171875 0.3640625 0.0546875 0.0734375
1 0.72890625 0.19375 0.0609375 0.09140625
1 0.71875 0.50234375 0.0484375 0.07421875
1 0.93125 0.4984375 0.05703125 0.0828125
1 0.88828125 0.92890625 0.0296875 0.0703125
1 0.75625 0.8734375 0.03984375 0.0625
1 0.69609375 0.97734375 0.06640625 0.0453125
1 0.62265625 0.928125 0.053125 0.09296875
1 0.4796875 0.96875 0.05859375 0.0578125
1 0.4546875 0.665625 0.02578125 0.034375
1 0.503125 0.65390625 0.01875 0.028125
1 0.6234375 0.6125 0.0625 0.06640625
1 0.46796875 0.5171875 0.06875 0.10859375
1 0.5578125 0.546875 0.0359375 0.059375
1 0.5734375 0.2703125 0.03828125 0.078125
1 0.56171875 0.1953125 0.03125 0.06171875
1 0.33046875 0.6890625 0.05546875 0.090625
1 0.23515625 0.90859375 0.08828125 0.07734375
1 0.04921875 0.72265625 0.03984375 0.090625
1 0.15546875 0.43203125 0.071875 0.1125
1 0.35390625 0.13046875 0.05390625 0.08515625
1 0.35546875 0.29921875 0.03125 0.0515625
1 0.53671875 0.015625 0.04296875 0.03125
1 0.49609375 0.12734375 0.040625 0.04921875