1 0.3046875 0.5515625 0.07578125 0.065625
1 0.64609375 0.42890625 0.0796875 0.05234375
1 0.65234375 0.36796875 0.06171875 0.03984375
1 0.69296875 0.33359375 0.07265625 0.0453125
1 0.359375 0.63984375 0.04296875 0.04921875
1 0.46796875 0.62109375 0.06015625 0.05390625
1 0.08046875 0.73203125 0.0609375 0.034375
1 0.57265625 0.15703125 0.08671875 0.0515625
1 0.68359375 0.13671875 0.06171875 0.05625
1 0.68203125 0.09375 0.05078125 0.0578125
1 0.91953125 0.13515625 0.1171875 0.065625
1 0.49765625 0.3296875 0.04921875 0.06328125
1 0.865625 0.509375 0.0765625 0.05078125
1 0.76875 0.828125 0.07421875 0.04296875
1 0.81171875 0.7375 0.07578125 0.03671875
1 0.65234375 0.79609375 0.078125 0.03671875
1 0.6671875 0.72734375 0.05078125 0.03359375
1 0.36484375 0.83828125 0.08671875 0.02578125
1 0.10703125 0.4109375 0.10859375 0.06328125
1 0.4734375 0.0671875 0.0921875 0.04921875
1 0.65625 0.015625 0.1453125 0.03125
1 0.28671875 0.09375 0.0515625 0.04921875