1 0.96796875 0.1734375 0.0640625 0.1
1 0.82265625 0.275 0.121875 0.1359375
1 0.8625 0.503125 0.1171875 0.1
3 0.67734375 0.76640625 0.64453125 0.2609375
1 0.7171875 0.6609375 0.11953125 0.1484375
1 0.73359375 0.54453125 0.10625 0.1140625
1 0.8265625 0.684375 0.08359375 0.0671875
1 0.9265625 0.6953125 0.146875 0.06328125
1 0.46953125 0.415625 0.10078125 0.08203125
1 0.28671875 0.65625 0.07890625 0.08359375
1 0.28984375 0.55703125 0.08984375 0.084375
1 0.134375 0.51953125 0.084375 0.08515625
1 0.14453125 0.371875 0.1046875 0.07109375
1 0.15703125 0.3125 0.06640625 0.05390625
1 0.28046875 0.32578125 0.08046875 0.0640625
1 0.334375 0.28515625 0.0890625 0.05078125
1 0.52421875 0.23203125 0.10390625 0.05859375
1 0.628125 0.3078125 0.140625 0.12109375
1 0.65 0.2140625 0.09609375 0.04921875
1 0.7265625 0.26796875 0.06640625 0.05078125
1 0.30625 0.4546875 0.11015625 0.06171875
1 0.04609375 0.3 0.0921875 0.07734375
1 0.25234375 0.2296875 0.16796875 0.0421875
3 0.18984375 0.7765625 0.3796875 0.115625
3 0.1203125 0.6921875 0.240625 0.06953125