1 0.62890625 0.54140625 0.04453125 0.06015625
1 0.553125 0.69609375 0.0390625 0.1
1 0.36796875 0.35078125 0.0390625 0.07109375
1 0.4359375 0.34453125 0.0875 0.09296875
1 0.33203125 0.303125 0.06796875 0.07265625
1 0.0234375 0.3609375 0.04609375 0.0796875
1 0.0921875 0.31484375 0.04140625 0.04609375
1 0.134375 0.30859375 0.034375 0.0453125
1 0.16171875 0.415625 0.0390625 0.09765625
1 0.14453125 0.08046875 0.08671875 0.12734375
1 0.80078125 0.35234375 0.0671875 0.05390625
1 0.425 0.8921875 0.075 0.075
1 0.0625 0.53203125 0.06640625 0.075
1 0.50078125 0.1453125 0.0265625 0.05625
1 0.74140625 0.190625 0.0234375 0.06796875
1 0.821875 0.24921875 0.04765625 0.06796875
1 0.8375 0.65390625 0.05 0.0984375
1 0.646875 0.6453125 0.03515625 0.06875