1 0.46484375 0.46328125 0.06796875 0.11875
1 0.5265625 0.3828125 0.09375 0.121875
1 0.490625 0.228125 0.07265625 0.09375
1 0.6234375 0.2265625 0.075 0.109375
1 0.63515625 0.31875 0.04765625 0.0640625
1 0.7234375 0.36875 0.0796875 0.11640625
1 0.609375 0.53828125 0.0765625 0.11484375
1 0.67109375 0.525 0.09296875 0.13515625
1 0.44453125 0.60625 0.0765625 0.109375
1 0.48046875 0.90546875 0.05 0.1078125
1 0.5171875 0.8046875 0.0875 0.13125
1 0.6546875 0.675 0.13671875 0.13671875
1 0.61328125 0.89921875 0.08125 0.16953125
1 0.68359375 0.13671875 0.04765625 0.05234375
1 0.65859375 0.0671875 0.03671875 0.06328125
1 0.7125 0.06875 0.05234375 0.059375
1 0.53203125 0.02109375 0.05703125 0.0421875