1 0.678125 0.54921875 0.11328125 0.0640625
1 0.6578125 0.48046875 0.10625 0.0609375
1 0.8203125 0.65078125 0.11484375 0.07109375
1 0.771875 0.771875 0.084375 0.04765625
1 0.79375 0.8734375 0.06171875 0.0625
1 0.87265625 0.85546875 0.08671875 0.0640625
1 0.92890625 0.83046875 0.07734375 0.0640625
1 0.9171875 0.69453125 0.05078125 0.04296875
1 0.63203125 0.74375 0.06796875 0.04140625
1 0.575 0.90234375 0.09140625 0.05390625
1 0.46171875 0.67734375 0.12578125 0.0578125
1 0.51484375 0.62109375 0.10859375 0.05390625
1 0.45390625 0.54296875 0.12421875 0.07265625
1 0.25390625 0.378125 0.1109375 0.059375
1 0.36328125 0.371875 0.10859375 0.05546875
1 0.40546875 0.40546875 0.08515625 0.04765625
1 0.5296875 0.46796875 0.05859375 0.046875
1 0.5328125 0.40625 0.05234375 0.040625
1 0.4453125 0.259375 0.01875 0.034375
1 0.49453125 0.28203125 0.06328125 0.05546875
1 0.51484375 0.18515625 0.09921875 0.065625
1 0.421875 0.14375 0.0921875 0.0578125
1 0.35625 0.09140625 0.07890625 0.053125
1 0.07578125 0.21328125 0.046875 0.0390625
1 0.0921875 0.15078125 0.05078125 0.04765625
1 0.16796875 0.11953125 0.14296875 0.0546875
1 0.21015625 0.18984375 0.0484375 0.040625
1 0.29609375 0.30390625 0.07421875 0.040625
1 0.128125 0.51953125 0.046875 0.0296875
1 0.0640625 0.73984375 0.03125 0.03671875
1 0.371875 0.86640625 0.05859375 0.06953125
1 0.0171875 0.27265625 0.03359375 0.0890625
1 0.03984375 0.09453125 0.05859375 0.0765625
1 0.18984375 0.015625 0.07890625 0.03125
1 0.56328125 0.0453125 0.11328125 0.08984375
1 0.60703125 0.1125 0.07109375 0.06171875
1 0.76640625 0.2421875 0.0953125 0.175
1 0.696875 0.40234375 0.09765625 0.05390625
1 0.4421875 0.81796875 0.0375 0.0265625
1 0.6609375 0.89296875 0.0375 0.0390625
1 0.86015625 0.98203125 0.1140625 0.0359375