1 0.8703125 0.02578125 0.1375 0.0515625
1 0.76953125 0.22109375 0.0609375 0.04375
1 0.8734375 0.146875 0.090625 0.053125
1 0.9390625 0.1671875 0.06328125 0.06328125
1 0.81484375 0.3421875 0.084375 0.05859375
1 0.6578125 0.52734375 0.10625 0.0609375
1 0.68203125 0.44140625 0.07421875 0.0703125
1 0.46171875 0.45859375 0.115625 0.08203125
1 0.5140625 0.3875 0.10078125 0.06796875
1 0.45703125 0.32734375 0.1328125 0.06953125
1 0.5671875 0.10625 0.08515625 0.05546875
1 0.63359375 0.25234375 0.0703125 0.05390625
1 0.3015625 0.6953125 0.09296875 0.046875
1 0.36328125 0.6296875 0.07734375 0.05390625
1 0.40546875 0.5953125 0.0796875 0.04765625
1 0.24765625 0.6171875 0.1296875 0.06484375
1 0.16171875 0.87265625 0.11015625 0.06640625
1 0.03203125 0.9046875 0.05625 0.06875
1 0.08671875 0.840625 0.0578125 0.04296875
1 0.2015625 0.8078125 0.0640625 0.0359375
1 0.51171875 0.809375 0.096875 0.06015625
1 0.44921875 0.7390625 0.04140625 0.0453125
1 0.49453125 0.721875 0.06015625 0.046875
1 0.5375 0.59140625 0.05390625 0.03203125
1 0.53359375 0.5421875 0.0546875 0.03515625
1 0.3515625 0.9078125 0.0609375 0.05625
1 0.41640625 0.85703125 0.090625 0.0578125
1 0.5640625 0.9515625 0.09375 0.096875
1 0.60859375 0.88203125 0.0703125 0.04609375
1 0.12890625 0.48203125 0.0453125 0.040625
1 0.06640625 0.26484375 0.0375 0.05859375
1 0.015625 0.71796875 0.03125 0.053125
1 0.08046875 0.78125 0.040625 0.0359375
1 0.11640625 0.69296875 0.02734375 0.03671875
1 0.18046875 0.9796875 0.053125 0.03984375
1 0.44765625 0.17890625 0.046875 0.0265625
1 0.3640625 0.1203125 0.071875 0.02734375
1 0.65859375 0.1046875 0.04453125 0.040625
1 0.7890625 0.12421875 0.06484375 0.04765625
1 0.76484375 0.746875 0.0859375 0.16796875
1 0.67890625 0.596875 0.040625 0.0515625