1 0.26015625 0.3453125 0.10078125 0.12734375
1 0.12578125 0.56953125 0.1015625 0.12734375
1 0.1953125 0.83984375 0.1390625 0.17421875
1 0.4828125 0.65546875 0.05078125 0.06796875
1 0.55234375 0.6625 0.040625 0.078125
1 0.5671875 0.55703125 0.0578125 0.07109375
1 0.65234375 0.56953125 0.07109375 0.06640625
1 0.75 0.246875 0.0625 0.09296875
1 0.72421875 0.5359375 0.05703125 0.0890625
1 0.471875 0.92421875 0.0625 0.14609375
1 0.41953125 0.52265625 0.0640625 0.1
1 0.4234375 0.31328125 0.05625 0.07265625
1 0.33203125 0.2359375 0.02890625 0.04609375
1 0.315625 0.14140625 0.08203125 0.0390625
1 0.28046875 0.090625 0.02890625 0.028125
1 0.38203125 0.4234375 0.0484375 0.05546875
1 0.4578125 0.425 0.04296875 0.06640625
1 0.56328125 0.43125 0.0890625 0.04453125
1 0.14765625 0.959375 0.08125 0.034375
1 0.37734375 0.65234375 0.0734375 0.07109375
1 0.4453125 0.75390625 0.115625 0.075
1 0.49375 0.33984375 0.0515625 0.04609375
1 0.39296875 0.25625 0.04609375 0.04140625
1 0.384375 0.2078125 0.053125 0.0453125
1 0.43046875 0.15859375 0.03515625 0.05625
1 0.51875 0.2703125 0.0765625 0.059375
1 0.54765625 0.1671875 0.0609375 0.03203125
1 0.82265625 0.06796875 0.05390625 0.0765625
1 0.8140625 0.109375 0.04765625 0.0046875
1 0.91796875 0.16171875 0.04453125 0.0765625
1 0.81015625 0.409375 0.05859375 0.09453125
1 0.82109375 0.296875 0.03359375 0.0578125
1 0.5453125 0.765625 0.04375 0.06796875
1 0.27421875 0.984375 0.0796875 0.03125
1 0.81640625 0.559375 0.0421875 0.13515625
1 0.625 0.3546875 0.1015625 0.07109375
1 0.0640625 0.7421875 0.0546875 0.07734375
1 0.225 0.66953125 0.05703125 0.103125
1 0.18046875 0.2984375 0.04921875 0.0890625
1 0.3171875 0.07578125 0.046875 0.06171875
1 0.17109375 0.4375 0.03984375 0.05859375
1 0.234375 0.5 0.046875 0.06328125
1 0.296875 0.565625 0.040625 0.03359375
1 0.58671875 0.93359375 0.05390625 0.10625
1 0.6203125 0.70703125 0.0328125 0.0609375
1 0.76484375 0.6796875 0.08359375 0.08359375