1 0.43359375 0.5390625 0.07578125 0.12265625
1 0.203125 0.5984375 0.0828125 0.13515625
1 0.11640625 0.0265625 0.0734375 0.053125
1 0.1671875 0.12265625 0.1015625 0.11953125
1 0.2671875 0.1453125 0.07109375 0.10546875
1 0.3953125 0.26171875 0.075 0.10859375
1 0.49765625 0.42578125 0.05390625 0.1046875
1 0.53671875 0.5984375 0.03359375 0.02578125
1 0.5765625 0.54296875 0.034375 0.0609375
1 0.7578125 0.32265625 0.05390625 0.08359375
1 0.57265625 0.06328125 0.08046875 0.1265625
1 0.80390625 0.4171875 0.04296875 0.08671875
1 0.94609375 0.63359375 0.10625 0.14296875