1 0.4578125 0.43828125 0.125 0.084375
1 0.40390625 0.1984375 0.15 0.075
1 0.88359375 0.1609375 0.1140625 0.0953125
1 0.9734375 0.10625 0.053125 0.05703125
1 0.85390625 0.2609375 0.13203125 0.06875
1 0.7359375 0.39140625 0.1375 0.0890625
1 0.82578125 0.43359375 0.07265625 0.03984375
1 0.57421875 0.49375 0.0921875 0.0765625
1 0.459375 0.57734375 0.08984375 0.04375
1 0.4140625 0.5296875 0.03828125 0.03671875
1 0.0984375 0.73515625 0.04765625 0.03984375
1 0.93671875 0.58203125 0.1265625 0.08984375
1 0.6828125 0.76015625 0.096875 0.0671875
1 0.3671875 0.9578125 0.15390625 0.084375
1 0.590625 0.9125 0.06796875 0.0375
0 0.16328125 0.40625 0.3265625 0.07421875
0 0.13671875 0.6203125 0.2734375 0.13359375