1 0.36953125 0.5078125 0.259375 0.1390625
1 0.43671875 0.24609375 0.12734375 0.090625
1 0.31796875 0.1328125 0.04609375 0.0359375
1 0.77265625 0.13125 0.04375 0.03828125
1 0.946875 0.17265625 0.06953125 0.0375
1 0.88828125 0.02265625 0.11328125 0.0453125
1 0.62109375 0.29609375 0.10703125 0.06796875
1 0.6265625 0.4859375 0.09609375 0.06953125
1 0.9453125 0.63515625 0.0328125 0.04609375
1 0.35234375 0.9671875 0.0703125 0.0546875
1 0.0671875 0.77109375 0.06640625 0.046875
1 0.28671875 0.659375 0.20546875 0.12265625
1 0.21953125 0.38984375 0.0703125 0.0390625