1 0.52109375 0.5390625 0.1125 0.0546875
1 0.51171875 0.071875 0.065625 0.05234375
1 0.940625 0.1078125 0.090625 0.06484375
1 0.88203125 0.25078125 0.0703125 0.0484375
1 0.50390625 0.2859375 0.0515625 0.0390625
1 0.3828125 0.29921875 0.07265625 0.05546875
1 0.18671875 0.26171875 0.0796875 0.0609375
1 0.18515625 0.446875 0.10859375 0.0484375
1 0.26953125 0.43046875 0.0640625 0.05546875
1 0.12578125 0.65234375 0.1046875 0.05625
1 0.4296875 0.8390625 0.07734375 0.078125
1 0.72265625 0.946875 0.09453125 0.0578125
1 0.68203125 0.6625 0.0984375 0.0625
1 0.8984375 0.753125 0.1 0.08828125
1 0.96171875 0.50703125 0.0765625 0.06015625
1 0.92421875 0.3796875 0.11953125 0.07109375
1 0.96796875 0.29921875 0.0640625 0.078125
1 0.54765625 0.4453125 0.06015625 0.0328125
1 0.62421875 0.37578125 0.10234375 0.06328125
1 0.29296875 0.6421875 0.06171875 0.04921875