1 0.7296875 0.34296875 0.0953125 0.12109375
1 0.8859375 0.62421875 0.06015625 0.06171875
1 0.88046875 0.5453125 0.07109375 0.090625
1 0.80703125 0.8296875 0.11171875 0.08984375
1 0.54453125 0.9109375 0.09765625 0.1109375
1 0.4515625 0.665625 0.0671875 0.0875
1 0.23828125 0.6875 0.05625 0.03515625
1 0.3453125 0.5734375 0.059375 0.05390625
1 0.5109375 0.3421875 0.03984375 0.04375
1 0.57421875 0.303125 0.05546875 0.0515625
1 0.62421875 0.25 0.04453125 0.06484375
1 0.67421875 0.2328125 0.0375 0.03828125
1 0.08359375 0.14921875 0.059375 0.07890625
1 0.0828125 0.30859375 0.065625 0.053125
1 0.09921875 0.2390625 0.0375 0.0375
1 0.18125 0.2859375 0.03671875 0.0640625
1 0.2515625 0.23359375 0.04296875 0.03984375
1 0.303125 0.2390625 0.0375 0.0546875
1 0.36796875 0.34921875 0.0375 0.04296875
1 0.4421875 0.43359375 0.05859375 0.06171875
1 0.59453125 0.515625 0.05546875 0.0578125
1 0.4828125 0.2703125 0.025 0.0421875
1 0.45078125 0.16953125 0.03203125 0.02109375
1 0.4671875 0.78046875 0.08359375 0.0828125
1 0.5546875 0.74375 0.03359375 0.0640625
1 0.62578125 0.65234375 0.0453125 0.0515625
1 0.1890625 0.5484375 0.05703125 0.0859375
1 0.19765625 0.4171875 0.11171875 0.09921875
1 0.71484375 0.1125 0.0875 0.11328125
1 0.77890625 0.653125 0.04609375 0.09296875
1 0.94921875 0.7203125 0.0453125 0.06796875
1 0.85703125 0.95859375 0.05859375 0.06796875