1 0.51875 0.37890625 0.07421875 0.1078125
1 0.4875 0.225 0.05390625 0.0828125
1 0.63046875 0.3171875 0.03515625 0.034375
1 0.61875 0.24765625 0.02421875 0.040625
1 0.61328125 0.2 0.03828125 0.05703125
1 0.528125 0.0171875 0.0390625 0.025
1 0.6015625 0.11328125 0.02265625 0.02578125
1 0.65546875 0.06015625 0.03828125 0.0359375
1 0.68671875 0.1296875 0.03125 0.05390625
1 0.709375 0.0609375 0.0265625 0.0546875
1 0.74609375 0.0234375 0.0328125 0.0296875
1 0.47421875 0.15703125 0.04375 0.0421875
1 0.61640625 0.53359375 0.05234375 0.07890625
1 0.671875 0.50078125 0.0421875 0.07109375
1 0.709375 0.35 0.0265625 0.03671875
1 0.51171875 0.80546875 0.03515625 0.1140625
1 0.478125 0.89765625 0.0390625 0.07734375
1 0.56015625 0.92109375 0.01171875 0.01640625
1 0.62890625 0.85546875 0.03125 0.071875
1 0.44375 0.06484375 0.0140625 0.0328125
1 0.58515625 0.053125 0.01484375 0.03125
1 0.6046875 0.071875 0.015625 0.04296875
1 0.571875 0.17734375 0.0234375 0.02734375
1 0.5359375 0.2171875 0.02421875 0.04140625
1 0.67421875 0.2625 0.021875 0.028125
1 0.74375 0.18828125 0.02734375 0.02890625
1 0.47578125 0.32734375 0.02265625 0.03125
1 0.5875 0.3671875 0.0265625 0.0265625
1 0.4625 0.46328125 0.028125 0.09921875
1 0.5078125 0.53046875 0.1015625 0.12109375
1 0.4453125 0.609375 0.03671875 0.06953125
1 0.61640625 0.640625 0.0453125 0.06484375
1 0.65703125 0.678125 0.025 0.05625
1 0.63359375 0.71796875 0.0328125 0.04453125
1 0.67421875 0.7203125 0.0296875 0.025
1 0.6921875 0.69609375 0.025 0.04140625
1 0.68125 0.56015625 0.04765625 0.05390625
1 0.52265625 0.66015625 0.02578125 0.03984375
1 0.52109375 0.61171875 0.02265625 0.02890625
1 0.5671875 0.65625 0.03671875 0.03984375
1 0.54765625 0.68828125 0.02578125 0.0234375
1 0.55546875 0.7234375 0.0109375 0.01484375
1 0.5546875 0.78671875 0.0171875 0.02265625
1 0.5546875 0.75390625 0.0125 0.0140625
1 0.55546875 0.82890625 0.01875 0.0421875
1 0.584375 0.83125 0.0171875 0.02734375
1 0.60703125 0.93984375 0.021875 0.0484375
1 0.546875 0.9921875 0.01796875 0.015625
1 0.57421875 0.98046875 0.0140625 0.01953125
1 0.61015625 0.90234375 0.021875 0.03046875
1 0.35546875 0.9796875 0.01953125 0.0375
1 0.36953125 0.840625 0.01953125 0.02109375
1 0.3734375 0.9484375 0.02265625 0.025
1 0.45859375 0.79375 0.025 0.05234375
1 0.6078125 0.4234375 0.015625 0.015625
1 0.6703125 0.40703125 0.0140625 0.01875
1 0.70625 0.40390625 0.01875 0.01875
1 0.678125 0.43671875 0.0140625 0.021875
1 0.73515625 0.3671875 0.02578125 0.13359375
1 0.5828125 0.515625 0.0234375 0.034375
1 0.50625 0.4640625 0.01953125 0.03671875