1 0.51484375 0.60390625 0.0703125 0.08828125
1 0.4875 0.7828125 0.078125 0.0859375
1 0.440625 0.38984375 0.059375 0.08203125
1 0.5109375 0.20078125 0.0671875 0.103125
1 0.48046875 0.09921875 0.0671875 0.06875
1 0.55859375 0.203125 0.0296875 0.1
1 0.621875 0.11015625 0.0703125 0.1359375
1 0.5296875 0.51015625 0.04375 0.046875
1 0.5125 0.43671875 0.0734375 0.1078125
1 0.615625 0.465625 0.0578125 0.1
1 0.61875 0.3609375 0.06796875 0.07734375
1 0.64140625 0.3078125 0.0734375 0.09140625
1 0.6859375 0.29609375 0.0703125 0.0953125
1 0.4609375 0.55546875 0.03828125 0.10625
1 0.60234375 0.6046875 0.04453125 0.09765625
1 0.671875 0.496875 0.04140625 0.06015625
1 0.690625 0.4453125 0.04375 0.0640625
1 0.61953125 0.7765625 0.06796875 0.1046875
1 0.63125 0.68828125 0.040625 0.0390625
1 0.72578125 0.64296875 0.078125 0.15234375
1 0.5265625 0.978125 0.03359375 0.04296875
1 0.66328125 0.9421875 0.02421875 0.04453125
1 0.6 0.88828125 0.040625 0.05234375
1 0.68359375 0.8640625 0.05234375 0.06171875