1 0.50390625 0.3703125 0.0984375 0.20546875
1 0.6609375 0.2828125 0.16328125 0.21953125
1 0.77109375 0.0609375 0.04609375 0.07109375
1 0.97265625 0.3421875 0.03984375 0.075
1 0.48984375 0.6234375 0.05859375 0.0828125
1 0.634375 0.94765625 0.0171875 0.02734375
1 0.17421875 0.94140625 0.08984375 0.0640625
1 0.0171875 0.88203125 0.034375 0.1140625
1 0.12734375 0.76796875 0.05390625 0.07265625
1 0.2953125 0.61484375 0.0484375 0.07890625
1 0.2390625 0.4359375 0.0640625 0.07421875
1 0.14453125 0.3140625 0.06328125 0.04453125
1 0.40078125 0.215625 0.046875 0.05546875