1 0.4296875 0.63515625 0.0375 0.0390625
1 0.51875 0.59296875 0.0953125 0.07421875
1 0.3578125 0.73203125 0.13828125 0.11796875
1 0.54375 0.87421875 0.096875 0.09609375
1 0.83359375 0.80546875 0.13359375 0.12109375
1 0.90078125 0.52421875 0.08125 0.075
1 0.63359375 0.5015625 0.08046875 0.06484375
1 0.66328125 0.44765625 0.06015625 0.05546875
1 0.57265625 0.34921875 0.05234375 0.053125
1 0.228125 0.29375 0.09609375 0.05859375
1 0.2375 0.2484375 0.04296875 0.0390625
1 0.2875 0.1828125 0.0765625 0.04140625
1 0.128125 0.175 0.07421875 0.05234375
1 0.1578125 0.07890625 0.06640625 0.04296875
1 0.2375 0.09609375 0.0390625 0.03671875
1 0.3515625 0.36484375 0.05390625 0.0671875
1 0.34609375 0.50625 0.20703125 0.10234375
1 0.43515625 0.4328125 0.04375 0.03984375
1 0.23671875 0.6703125 0.03828125 0.04296875
1 0.125 0.7109375 0.11640625 0.09375
1 0.20234375 0.61640625 0.04375 0.04140625
1 0.2546875 0.6203125 0.04765625 0.0359375
1 0.309375 0.578125 0.08125 0.05859375
1 0.7546875 0.55625 0.12734375 0.0765625
1 0.77734375 0.45 0.07109375 0.078125
1 0.4171875 0.18671875 0.0796875 0.0890625
1 0.54609375 0.27421875 0.10078125 0.059375
1 0.5578125 0.18359375 0.10234375 0.05546875
1 0.434375 0.82734375 0.0234375 0.01953125
1 0.484375 0.75546875 0.0265625 0.02265625
1 0.54765625 0.69921875 0.04140625 0.04296875
1 0.62890625 0.88203125 0.04921875 0.0796875
1 0.6578125 0.78125 0.07109375 0.0421875
1 0.72421875 0.9359375 0.04375 0.04140625
1 0.1921875 0.5515625 0.11328125 0.06328125
1 0.65546875 0.63125 0.0578125 0.040625