1 0.92109375 0.2671875 0.05625 0.03359375
1 0.6953125 0.44609375 0.06328125 0.0640625
1 0.5484375 0.38828125 0.04140625 0.02421875
1 0.65234375 0.36640625 0.0328125 0.02734375
1 0.3 0.66796875 0.071875 0.046875
1 0.34140625 0.63671875 0.0640625 0.04609375
1 0.346875 0.56640625 0.0390625 0.03515625
1 0.34140625 0.98125 0.1234375 0.0375
1 0.325 0.90703125 0.0390625 0.03125
1 0.3109375 0.86484375 0.0578125 0.01640625
1 0.425 0.83828125 0.0515625 0.0609375
1 0.5359375 0.94296875 0.04765625 0.0515625
1 0.35546875 0.19453125 0.071875 0.06484375
1 0.225 0.17890625 0.06484375 0.02890625
1 0.6625 0.1609375 0.04453125 0.02109375
1 0.72109375 0.9046875 0.04296875 0.021875
1 0.88671875 0.58046875 0.05234375 0.04296875
1 0.08125 0.86328125 0.1046875 0.0421875
1 0.01875 0.56953125 0.0375 0.05234375
1 0.49296875 0.64609375 0.03984375 0.03828125