1 0.31328125 0.55703125 0.0921875 0.071875
1 0.33203125 0.48203125 0.12109375 0.07890625
1 0.1875 0.65390625 0.10390625 0.04453125
1 0.225 0.778125 0.08203125 0.046875
1 0.0609375 0.83671875 0.0375 0.0484375
1 0.12734375 0.8546875 0.078125 0.04609375
1 0.48671875 0.62109375 0.13125 0.05
1 0.53203125 0.67421875 0.134375 0.0734375
1 0.36875 0.74375 0.05390625 0.0375
1 0.42890625 0.89921875 0.090625 0.05078125
1 0.12421875 0.97890625 0.1078125 0.0421875
1 0.21328125 0.87109375 0.03515625 0.040625
1 0.796875 0.18515625 0.071875 0.03984375
1 0.83828125 0.12421875 0.10859375 0.0609375
1 0.74765625 0.3828125 0.07734375 0.0359375
1 0.58828125 0.4078125 0.10859375 0.053125
1 0.640625 0.375 0.08828125 0.0359375
1 0.5421875 0.54375 0.1078125 0.07109375
1 0.46171875 0.46171875 0.08125 0.0265625
1 0.46484375 0.4078125 0.05859375 0.03984375
1 0.50546875 0.2734375 0.0515625 0.0328125
1 0.48125 0.1875 0.08984375 0.05390625
1 0.584375 0.13984375 0.10078125 0.05390625
1 0.65078125 0.09453125 0.07109375 0.04296875
1 0.390625 0.1109375 0.07109375 0.0578125
1 0.44453125 0.05 0.1 0.04921875
1 0.79921875 0.015625 0.10078125 0.03125
1 0.91171875 0.21328125 0.0515625 0.04296875
1 0.9125 0.1515625 0.05 0.03984375
1 0.96328125 0.08828125 0.06796875 0.07265625
1 0.88359375 0.3125 0.0453125 0.03203125
1 0.98515625 0.28203125 0.0296875 0.0296875
1 0.70390625 0.30625 0.08125 0.03671875
1 0.875 0.5234375 0.025 0.03828125
1 0.93515625 0.74140625 0.028125 0.03203125
1 0.56171875 0.82265625 0.0484375 0.01640625
1 0.340625 0.88125 0.04375 0.03984375