1 0.61796875 0.259375 0.06015625 0.11796875
1 0.59296875 0.40625 0.06328125 0.0734375
1 0.6296875 0.3640625 0.0625 0.08125
1 0.3828125 0.51484375 0.05625 0.10859375
1 0.45625 0.4609375 0.0953125 0.1171875
1 0.31796875 0.46875 0.0765625 0.115625
1 0.4453125 0.675 0.09453125 0.07890625
1 0.5203125 0.66484375 0.0609375 0.103125
1 0.3546875 0.809375 0.06640625 0.0890625
1 0.14296875 0.8703125 0.046875 0.06875
1 0.225 0.7734375 0.06171875 0.0625
1 0.0109375 0.8671875 0.02109375 0.1125
1 0.16875 0.93046875 0.04453125 0.0640625
1 0.1 0.56484375 0.03828125 0.07109375
1 0.2578125 0.63671875 0.05625 0.06875
1 0.81875 0.51484375 0.06171875 0.11640625
1 0.88515625 0.6109375 0.06484375 0.0796875
1 0.9515625 0.5640625 0.07265625 0.09765625
1 0.86171875 0.41640625 0.06484375 0.08984375
1 0.903125 0.346875 0.06875 0.0796875
1 0.80703125 0.20234375 0.05078125 0.04921875
1 0.8796875 0.16484375 0.06640625 0.1125
1 0.71953125 0.5 0.06328125 0.04921875
1 0.546875 0.53515625 0.0515625 0.06875
1 0.60078125 0.5328125 0.0546875 0.053125
1 0.6953125 0.29921875 0.0515625 0.09765625
1 0.8828125 0.24609375 0.05625 0.040625
1 0.9796875 0.18359375 0.03984375 0.046875
1 0.63046875 0.1734375 0.03515625 0.02578125
1 0.6890625 0.11953125 0.0234375 0.0265625
1 0.7890625 0.08671875 0.03984375 0.04296875
1 0.84296875 0.0875 0.0265625 0.04140625
1 0.90390625 0.0359375 0.05703125 0.05078125
1 0.72578125 0.01015625 0.059375 0.01953125
1 0.48359375 0.125 0.0375 0.03984375
1 0.26328125 0.05546875 0.03828125 0.0390625
1 0.18515625 0.44921875 0.0578125 0.05703125
1 0.1234375 0.3734375 0.0453125 0.07109375