1 0.2578125 0.346875 0.13046875 0.13671875
1 0.121875 0.5421875 0.0984375 0.12109375
1 0.18984375 0.82265625 0.153125 0.14921875
1 0.39375 0.978125 0.0703125 0.04296875
1 0.465625 0.9046875 0.09375 0.09609375
1 0.4109375 0.8046875 0.04609375 0.05859375
1 0.45078125 0.7328125 0.06015625 0.0640625
1 0.48359375 0.64609375 0.075 0.12421875
1 0.546875 0.6640625 0.071875 0.09765625
1 0.65546875 0.56953125 0.08515625 0.0671875
1 0.4125 0.51640625 0.06640625 0.05625
1 0.378125 0.63828125 0.03515625 0.03828125
1 0.2359375 0.6515625 0.046875 0.06875
1 0.2953125 0.5609375 0.0609375 0.0578125
1 0.1546875 0.965625 0.0703125 0.06796875
1 0.25390625 0.128125 0.0484375 0.04296875
1 0.26484375 0.08359375 0.02890625 0.025
1 0.2984375 0.13359375 0.021875 0.0328125
1 0.42109375 0.3078125 0.07421875 0.0734375
1 0.5546875 0.5359375 0.05 0.0875
1 0.57578125 0.43359375 0.0671875 0.0546875
1 0.70546875 0.2328125 0.06796875 0.08125
1 0.74609375 0.24140625 0.053125 0.0609375
1 0.8140625 0.28671875 0.05703125 0.0765625
1 0.90390625 0.2421875 0.053125 0.0421875
1 0.91328125 0.1578125 0.07578125 0.09375
1 0.79921875 0.0828125 0.1234375 0.16484375
1 0.32734375 0.23984375 0.05390625 0.0328125
1 0.38359375 0.25390625 0.04140625 0.04453125
1 0.38515625 0.2046875 0.04453125 0.0375
1 0.44296875 0.20546875 0.046875 0.03515625
1 0.4328125 0.165625 0.05234375 0.04765625
1 0.37109375 0.425 0.04609375 0.02890625
1 0.45078125 0.4234375 0.0375 0.03828125
1 0.4921875 0.346875 0.0546875 0.04609375
1 0.509375 0.2734375 0.04296875 0.0296875
1 0.62421875 0.35 0.09375 0.0859375
1 0.815625 0.53125 0.10078125 0.14609375
1 0.80859375 0.41796875 0.0578125 0.07265625
1 0.06484375 0.7234375 0.046875 0.0453125
1 0.1125 0.63671875 0.0390625 0.0609375
1 0.2671875 0.959375 0.1078125 0.07265625
1 0.565625 0.78125 0.14765625 0.1125
1 0.58203125 0.91640625 0.07109375 0.10234375
1 0.72578125 0.5421875 0.09296875 0.10859375
1 0.553125 0.1734375 0.0515625 0.05
1 0.309375 0.06796875 0.034375 0.03984375
1 0.32734375 0.02421875 0.0375 0.0484375
1 0.18046875 0.3 0.05546875 0.0734375
1 0.16875 0.43046875 0.04453125 0.0515625
1 0.22578125 0.4984375 0.06015625 0.06640625
1 0.75625 0.675 0.05703125 0.09921875