1 0.20859375 0.32578125 0.0359375 0.0359375
1 0.06171875 0.50078125 0.03359375 0.03515625
1 0.23671875 0.42109375 0.034375 0.021875
1 0.325 0.428125 0.02578125 0.01953125
1 0.38828125 0.36328125 0.04296875 0.0453125
1 0.46796875 0.35078125 0.040625 0.05
1 0.5453125 0.42421875 0.01875 0.03828125
1 0.57421875 0.44375 0.02265625 0.03125
1 0.61015625 0.40390625 0.025 0.0453125
1 0.76015625 0.35859375 0.03359375 0.04140625
1 0.86796875 0.3296875 0.03359375 0.028125
1 0.7203125 0.46328125 0.02578125 0.04375
1 0.734375 0.5125 0.021875 0.03984375
1 0.61015625 0.4984375 0.02890625 0.03515625
1 0.70703125 0.6109375 0.02421875 0.0296875
1 0.221875 0.5890625 0.04765625 0.0515625