1 0.571875 0.1078125 0.1 0.07734375
1 0.8703125 0.0203125 0.11328125 0.03984375
1 0.77421875 0.22421875 0.046875 0.0296875
1 0.8796875 0.14765625 0.08359375 0.0515625
1 0.94140625 0.1625 0.06796875 0.040625
1 0.78046875 0.1328125 0.06328125 0.0390625
1 0.809375 0.34453125 0.090625 0.04921875
1 0.6375 0.2578125 0.0390625 0.04375
1 0.4515625 0.32734375 0.1828125 0.0453125
1 0.46171875 0.45703125 0.1109375 0.046875
1 0.51875 0.3875 0.1046875 0.04140625
1 0.65078125 0.51640625 0.10625 0.06796875
1 0.6875 0.45 0.08203125 0.0546875
1 0.29921875 0.69375 0.06484375 0.0546875
1 0.3625 0.621875 0.075 0.0390625
1 0.40390625 0.58828125 0.0484375 0.03828125
1 0.53828125 0.5921875 0.05 0.046875
1 0.5296875 0.5375 0.05078125 0.03984375
1 0.253125 0.615625 0.07578125 0.05
1 0.165625 0.8765625 0.12578125 0.059375
1 0.21171875 0.81015625 0.0703125 0.03359375
1 0.35234375 0.91171875 0.0515625 0.05234375
1 0.41796875 0.853125 0.07109375 0.075
1 0.509375 0.803125 0.08515625 0.0859375
1 0.48515625 0.7203125 0.06328125 0.04921875
1 0.56796875 0.9578125 0.0828125 0.084375
1 0.61484375 0.89140625 0.06484375 0.0625
1 0.0875 0.84296875 0.05546875 0.03203125
1 0.07578125 0.78828125 0.05703125 0.04765625
1 0.1265625 0.48046875 0.0453125 0.034375
1 0.06015625 0.253125 0.0359375 0.0359375
1 0.1875 0.984375 0.04296875 0.03125