1 0.3890625 0.38203125 0.11484375 0.06640625
1 0.15703125 0.0734375 0.16640625 0.146875
1 0.69375 0.2296875 0.128125 0.08828125
1 0.76484375 0.11875 0.09765625 0.0734375
1 0.86875 0.16875 0.11171875 0.0984375
1 0.8890625 0.26953125 0.09765625 0.06484375
1 0.91328125 0.43671875 0.06171875 0.0421875
1 0.9765625 0.39375 0.046875 0.075
1 0.796875 0.58828125 0.13046875 0.090625
1 0.7296875 0.80703125 0.07890625 0.0796875
1 0.71796875 0.93515625 0.14296875 0.1296875
1 0.4578125 0.5125 0.0578125 0.05546875
1 0.515625 0.57578125 0.04921875 0.04453125
1 0.54375 0.81640625 0.128125 0.05546875
1 0.26328125 0.64765625 0.1140625 0.0421875