1 0.41640625 0.58359375 0.18984375 0.07109375
1 0.47421875 0.703125 0.10078125 0.0390625
1 0.38828125 0.7171875 0.08515625 0.0375
1 0.66328125 0.73125 0.10546875 0.0453125
1 0.303125 0.24453125 0.16328125 0.0765625
1 0.39453125 0.109375 0.09296875 0.03828125
1 0.59453125 0.1265625 0.1296875 0.0765625
1 0.9203125 0.45625 0.09765625 0.05703125
1 0.76640625 0.48671875 0.028125 0.03203125
1 0.79453125 0.63984375 0.05 0.04921875
1 0.79140625 0.59609375 0.04921875 0.0296875
1 0.1546875 0.3921875 0.059375 0.05859375