1 0.8515625 0.34921875 0.0984375 0.084375
1 0.57265625 0.16015625 0.08828125 0.0578125
1 0.26953125 0.05078125 0.1125 0.053125
1 0.31875 0.33203125 0.0859375 0.03828125
1 0.09765625 0.24765625 0.07578125 0.0640625
1 0.0328125 0.475 0.06484375 0.06640625
1 0.025 0.69296875 0.04765625 0.0578125
1 0.0734375 0.6125 0.09375 0.0421875
1 0.1265625 0.759375 0.06640625 0.0609375
1 0.06171875 0.890625 0.0703125 0.03984375
1 0.49765625 0.93203125 0.084375 0.08984375
1 0.390625 0.62578125 0.06484375 0.05546875
1 0.48828125 0.46875 0.13671875 0.09765625
1 0.45234375 0.5625 0.046875 0.0453125
1 0.71875 0.56953125 0.06875 0.06875
1 0.80703125 0.56171875 0.04921875 0.034375
1 0.80546875 0.728125 0.1 0.05234375
1 0.6375 0.71171875 0.02578125 0.040625
1 0.48984375 0.71171875 0.046875 0.05078125