1 0.36328125 0.38125 0.05859375 0.04453125
1 0.3265625 0.209375 0.0359375 0.02109375
1 0.43515625 0.3265625 0.04140625 0.0359375
1 0.41875 0.23515625 0.028125 0.0234375
1 0.4984375 0.0546875 0.0625 0.02421875
1 0.3578125 0.759375 0.03984375 0.046875
1 0.34296875 0.859375 0.04296875 0.01328125
1 0.35 0.475 0.0359375 0.0359375
1 0.44375 0.57265625 0.0375 0.03125
1 0.42890625 0.54453125 0.040625 0.03359375
1 0.50234375 0.6171875 0.04453125 0.034375
1 0.61796875 0.71015625 0.0359375 0.01875
1 0.5984375 0.21953125 0.0453125 0.04296875