1 0.48515625 0.3828125 0.1078125 0.05703125
1 0.534375 0.32734375 0.14296875 0.075
1 0.53671875 0.45703125 0.12265625 0.07890625
1 0.31953125 0.58984375 0.03359375 0.02890625
1 0.340625 0.51875 0.08828125 0.0484375
1 0.4734375 0.59609375 0.0453125 0.04609375
1 0.471875 0.54140625 0.04765625 0.0359375
1 0.58828125 0.58984375 0.08515625 0.0328125
1 0.63515625 0.62890625 0.06171875 0.040625
1 0.70078125 0.69296875 0.07109375 0.05625
1 0.74453125 0.61484375 0.09609375 0.04609375
1 0.48984375 0.81328125 0.08671875 0.0625
1 0.578125 0.8546875 0.059375 0.0625
1 0.38984375 0.88671875 0.06953125 0.04296875
1 0.4375 0.95546875 0.0828125 0.0640625
1 0.7609375 0.88046875 0.0375 0.01796875
1 0.8359375 0.87890625 0.11328125 0.0703125
1 0.646875 0.90390625 0.05859375 0.04453125
1 0.50859375 0.72109375 0.0578125 0.03671875
1 0.18671875 0.34453125 0.08515625 0.05703125
1 0.32421875 0.44375 0.10625 0.065625
1 0.22578125 0.225 0.06015625 0.065625
1 0.0953125 0.15234375 0.12265625 0.06171875
1 0.2171875 0.13203125 0.0578125 0.03515625
1 0.428125 0.103125 0.09296875 0.04296875
1 0.36484375 0.2609375 0.06953125 0.03046875
1 0.55703125 0.1765625 0.0546875 0.03984375
1 0.7859375 0.81484375 0.05390625 0.06953125
1 0.80859375 0.98828125 0.04296875 0.0234375
1 0.96953125 0.89921875 0.04296875 0.0234375
1 0.9140625 0.846875 0.03125 0.04765625
1 0.92265625 0.78515625 0.03671875 0.04140625
1 0.98671875 0.71953125 0.0265625 0.04296875
1 0.87421875 0.47890625 0.03984375 0.028125
1 0.93828125 0.25625 0.034375 0.0328125
1 0.6296875 0.121875 0.05390625 0.0703125
1 0.55546875 0.740625 0.03828125 0.034375
1 0.8765625 0.6875 0.0390625 0.04453125
1 0.0890625 0.30234375 0.059375 0.02890625
1 0.12578125 0.025 0.1875 0.05