1 0.16875 0.86953125 0.13828125 0.05078125
1 0.20078125 0.8109375 0.06875 0.05703125
1 0.296875 0.69765625 0.08671875 0.05703125
1 0.259375 0.62578125 0.103125 0.0640625
1 0.36484375 0.63359375 0.11953125 0.05390625
1 0.40546875 0.59140625 0.0828125 0.05390625
1 0.45234375 0.46015625 0.13125 0.0484375
1 0.5109375 0.38515625 0.09453125 0.0359375
1 0.46328125 0.32734375 0.1265625 0.06328125
1 0.6390625 0.25234375 0.06328125 0.04140625
1 0.56953125 0.10546875 0.08828125 0.03671875
1 0.9078125 0.1484375 0.15 0.08828125
1 0.88125 0.02109375 0.13984375 0.0421875
1 0.77109375 0.221875 0.075 0.0484375
1 0.81953125 0.3484375 0.08359375 0.04765625
1 0.66171875 0.51796875 0.07734375 0.05390625
1 0.684375 0.44453125 0.0796875 0.0625
1 0.5359375 0.5890625 0.04296875 0.04453125
1 0.534375 0.53984375 0.05625 0.03125
1 0.5140625 0.8109375 0.12734375 0.05703125
1 0.49375 0.7203125 0.07421875 0.0234375
1 0.35546875 0.90703125 0.0625 0.04921875
1 0.42265625 0.85703125 0.0828125 0.04375
1 0.196875 0.984375 0.0546875 0.03046875
1 0.5703125 0.9484375 0.09609375 0.0703125
1 0.61015625 0.88359375 0.0734375 0.0421875
1 0.1296875 0.48359375 0.05078125 0.0296875
1 0.06640625 0.2609375 0.0484375 0.03359375
1 0.01796875 0.72109375 0.03515625 0.04609375
1 0.0390625 0.9046875 0.0734375 0.04921875
1 0.7875 0.128125 0.0375 0.0390625