1 0.5453125 0.43984375 0.1078125 0.08359375
1 0.4296875 0.49375 0.06640625 0.07421875
1 0.546875 0.57265625 0.08828125 0.040625
1 0.57890625 0.52734375 0.0203125 0.0375
1 0.2734375 0.38828125 0.1375 0.1
1 0.14375 0.26484375 0.10546875 0.0875
1 0.11484375 0.15078125 0.09140625 0.09140625
1 0.025 0.1203125 0.05 0.08671875
1 0.05859375 0.5859375 0.1078125 0.07109375
1 0.3125 0.75625 0.1 0.06640625
1 0.57734375 0.1953125 0.14453125 0.0984375
1 0.9125 0.7453125 0.05 0.0390625
1 0.6203125 0.94375 0.12421875 0.06171875