1 0.63984375 0.48984375 0.18671875 0.103125
1 0.71328125 0.3328125 0.16796875 0.13125
1 0.6515625 0.0390625 0.08203125 0.0484375
1 0.94765625 0.2375 0.06953125 0.03203125
1 0.7765625 0.60703125 0.06875 0.05078125
1 0.6875 0.87109375 0.0328125 0.03671875
1 0.5625 0.765625 0.10703125 0.06015625
1 0.38671875 0.7015625 0.0984375 0.0890625
1 0.36796875 0.515625 0.10625 0.08828125
1 0.23203125 0.8703125 0.05078125 0.0609375
1 0.1125 0.97734375 0.10703125 0.0453125
1 0.05859375 0.83046875 0.065625 0.04375
1 0.046875 0.3640625 0.06171875 0.05234375