1 0.56796875 0.45390625 0.09296875 0.12421875
1 0.50625 0.5734375 0.06640625 0.08828125
1 0.6125 0.73125 0.0703125 0.09921875
1 0.7375 0.8453125 0.06640625 0.10703125
1 0.84296875 0.87421875 0.09296875 0.1234375
1 0.8890625 0.978125 0.04375 0.04296875
1 0.42265625 0.9453125 0.0609375 0.1015625
1 0.23515625 0.67421875 0.04453125 0.05078125
1 0.4265625 0.4578125 0.05234375 0.08046875
1 0.46875 0.4078125 0.02421875 0.02734375
1 0.80390625 0.4140625 0.0609375 0.1234375
1 0.26171875 0.10078125 0.01875 0.02109375