1 0.48125 0.38359375 0.059375 0.09609375
1 0.5234375 0.32421875 0.03828125 0.05234375
1 0.46328125 0.2125 0.04140625 0.06484375
1 0.52109375 0.22578125 0.0828125 0.0859375
1 0.53046875 0.15078125 0.0765625 0.05
1 0.32109375 0.13515625 0.0515625 0.0703125
1 0.2984375 0.07265625 0.04609375 0.0375
1 0.3421875 0.0625 0.04453125 0.04453125
1 0.46171875 0.02421875 0.0296875 0.0484375
1 0.28046875 0.37265625 0.08515625 0.1359375
1 0.36640625 0.31484375 0.04453125 0.05234375
1 0.384375 0.24453125 0.04921875 0.0671875
1 0.378125 0.1984375 0.06796875 0.0375
1 0.3234375 0.55625 0.05078125 0.05
1 0.315625 0.4953125 0.0578125 0.04765625
1 0.31015625 0.7 0.059375 0.07578125
1 0.3640625 0.7140625 0.04609375 0.06328125
1 0.375 0.63359375 0.06953125 0.0765625
1 0.3890625 0.53359375 0.065625 0.06328125
1 0.54765625 0.60546875 0.06484375 0.07265625
1 0.5328125 0.44453125 0.05390625 0.09296875
1 0.509375 0.5359375 0.08125 0.05859375
1 0.37109375 0.8453125 0.053125 0.06796875
1 0.48359375 0.8046875 0.0828125 0.15703125
1 0.38984375 0.928125 0.0484375 0.08671875
1 0.51875 0.8890625 0.0640625 0.0671875
1 0.64921875 0.96640625 0.04453125 0.06640625