1 0.546875 0.5625 0.12421875 0.0984375
1 0.590625 0.8 0.10703125 0.07109375
1 0.4296875 0.515625 0.11484375 0.05859375
1 0.5515625 0.42578125 0.078125 0.06015625
1 0.590625 0.4671875 0.0375 0.04140625
1 0.9109375 0.2609375 0.03515625 0.0375
1 0.2734375 0.6140625 0.1296875 0.07734375
1 0.0296875 0.88359375 0.059375 0.0484375
1 0.12265625 0.8515625 0.12265625 0.103125
1 0.14921875 0.7390625 0.11484375 0.078125
1 0.06015625 0.41953125 0.1203125 0.11015625
1 0.3234375 0.23671875 0.0953125 0.06875
1 0.64453125 0.04765625 0.16875 0.06484375