1 0.4578125 0.56484375 0.13359375 0.07578125
1 0.5734375 0.50234375 0.07578125 0.0484375
1 0.45703125 0.42734375 0.065625 0.04609375
1 0.73046875 0.6109375 0.096875 0.07109375
1 0.85625 0.73828125 0.07734375 0.05
1 0.8796875 0.85 0.1109375 0.078125
1 0.41328125 0.79609375 0.12890625 0.07265625
1 0.95078125 0.415625 0.09765625 0.053125
1 0.97734375 0.8828125 0.0453125 0.065625
1 0.63671875 0.221875 0.1796875 0.1078125
1 0.371875 0.053125 0.1265625 0.071875
1 0.13203125 0.36796875 0.07890625 0.06484375