1 0.56328125 0.15390625 0.0859375 0.0546875
1 0.26875 0.05234375 0.084375 0.05546875
1 0.0796875 0.22734375 0.053125 0.0453125
1 0.3171875 0.3359375 0.1140625 0.0546875
1 0.86328125 0.35625 0.09609375 0.05859375
1 0.7015625 0.35234375 0.034375 0.015625
1 0.4890625 0.453125 0.13359375 0.06171875
1 0.38671875 0.62421875 0.075 0.0703125
1 0.45078125 0.5546875 0.0609375 0.05703125
1 0.0296875 0.4765625 0.059375 0.053125
1 0.0203125 0.690625 0.040625 0.065625
1 0.07109375 0.6203125 0.11953125 0.0578125
1 0.1265625 0.75703125 0.075 0.0390625
1 0.071875 0.89375 0.09921875 0.06796875
1 0.50546875 0.9265625 0.078125 0.05703125
1 0.51015625 0.72421875 0.0921875 0.06640625
1 0.63671875 0.7109375 0.06875 0.04921875
1 0.8109375 0.72734375 0.11015625 0.090625
1 0.72734375 0.57890625 0.090625 0.0546875
1 0.8078125 0.5578125 0.06484375 0.0359375
1 0.8921875 0.490625 0.04765625 0.03515625
1 0.97734375 0.53125 0.0453125 0.025
1 0.98515625 0.66796875 0.0296875 0.103125