1 0.65 0.2625 0.13203125 0.11171875
1 0.17265625 0.1875 0.11953125 0.16171875
1 0.090625 0.4796875 0.13828125 0.0921875
1 0.36875 0.11796875 0.04453125 0.0734375
1 0.45234375 0.1234375 0.12421875 0.09609375
1 0.475 0.415625 0.065625 0.06796875
1 0.03125 0.146875 0.05703125 0.04609375
1 0.08828125 0.2875 0.03828125 0.0578125
1 0.09609375 0.60625 0.0296875 0.0328125
1 0.040625 0.5796875 0.04765625 0.03671875
1 0.10078125 0.5734375 0.0375 0.0328125
1 0.2046875 0.609375 0.08671875 0.05078125
1 0.20859375 0.52890625 0.02890625 0.03515625
1 0.2625 0.446875 0.05390625 0.0390625
1 0.23203125 0.546875 0.021875 0.03515625
1 0.3375 0.55390625 0.09453125 0.06484375
1 0.35078125 0.37578125 0.05078125 0.0546875
1 0.3453125 0.21953125 0.07734375 0.0765625
1 0.27421875 0.05859375 0.05625 0.04921875
1 0.44140625 0.31171875 0.0359375 0.059375
1 0.49140625 0.22578125 0.0234375 0.03828125
1 0.51796875 0.24453125 0.02265625 0.0265625
1 0.565625 0.1609375 0.0640625 0.0375
1 0.36171875 0.48515625 0.08125 0.03984375
1 0.42890625 0.6484375 0.05703125 0.0546875
1 0.44453125 0.81484375 0.11328125 0.075
1 0.321875 0.75546875 0.06796875 0.03828125
1 0.42265625 0.734375 0.04375 0.034375
1 0.46484375 0.72578125 0.06953125 0.0546875
1 0.57734375 0.81171875 0.0703125 0.03515625
1 0.5984375 0.79140625 0.03828125 0.04921875
1 0.575 0.5703125 0.0578125 0.05546875
1 0.578125 0.45390625 0.04609375 0.03203125
1 0.5703125 0.3703125 0.03125 0.03515625
1 0.66171875 0.490625 0.0484375 0.0515625
1 0.6921875 0.42265625 0.09140625 0.05703125
1 0.65 0.6328125 0.04140625 0.04375
1 0.640625 0.58125 0.02109375 0.0328125
1 0.725 0.51015625 0.04140625 0.03203125
1 0.7 0.81875 0.0578125 0.05390625
1 0.76171875 0.74609375 0.05546875 0.0625
1 0.6859375 0.92265625 0.03359375 0.0328125
1 0.76015625 0.9 0.0484375 0.05234375
1 0.85390625 0.9140625 0.08671875 0.0640625
1 0.77109375 0.7125 0.0703125 0.03671875
1 0.83515625 0.55 0.0359375 0.04921875
1 0.79296875 0.44609375 0.04296875 0.04609375
1 0.83671875 0.42890625 0.0484375 0.0484375
1 0.75 0.38203125 0.04140625 0.04609375
1 0.7984375 0.38984375 0.0421875 0.0421875
1 0.76640625 0.334375 0.0453125 0.04375
1 0.85703125 0.30703125 0.0546875 0.071875
1 0.915625 0.26875 0.03828125 0.0453125
1 0.9328125 0.31875 0.03203125 0.05234375
1 0.6875 0.17890625 0.06328125 0.08515625