1 0.35234375 0.13515625 0.07421875 0.0859375
1 0.72109375 0.2 0.06640625 0.09921875
1 0.7109375 0.3640625 0.0671875 0.04453125
1 0.715625 0.5078125 0.07109375 0.0859375
1 0.4703125 0.51328125 0.08515625 0.13359375
1 0.62109375 0.61796875 0.0703125 0.08046875
1 0.546875 0.55 0.04453125 0.0640625
1 0.15859375 0.428125 0.075 0.090625
1 0.05390625 0.7296875 0.0484375 0.09609375
1 0.32734375 0.6953125 0.0671875 0.08515625
1 0.2265625 0.9125 0.06484375 0.09453125
1 0.61640625 0.93125 0.065625 0.09921875
1 0.75234375 0.86171875 0.04453125 0.06875
1 0.92578125 0.49921875 0.06328125 0.11015625
1 0.89296875 0.93125 0.05625 0.06953125
1 0.6953125 0.97734375 0.06484375 0.0453125
1 0.48046875 0.96875 0.0640625 0.06171875
1 0.57109375 0.275 0.06640625 0.103125
1 0.56015625 0.18671875 0.0484375 0.06328125
1 0.496875 0.11640625 0.0484375 0.0390625
1 0.3609375 0.2859375 0.053125 0.0328125
1 0.4859375 0.66171875 0.10390625 0.059375
1 0.0671875 0.96953125 0.0578125 0.05
1 0.20078125 0.8171875 0.0625 0.0453125
1 0.10546875 0.7078125 0.0484375 0.03046875
1 0.26640625 0.4671875 0.0265625 0.03828125
1 0.23359375 0.19140625 0.075 0.08984375
1 0.71875 0.64921875 0.02421875 0.02734375