1 0.521875 0.6125 0.07578125 0.1109375
1 0.47421875 0.84765625 0.06015625 0.07265625
1 0.4875 0.76328125 0.05 0.09609375
1 0.6265625 0.684375 0.0484375 0.046875
1 0.52109375 0.45 0.0828125 0.1828125
1 0.6125 0.4640625 0.05 0.06484375
1 0.6671875 0.49296875 0.025 0.03984375
1 0.67734375 0.44453125 0.04453125 0.05390625
1 0.46484375 0.509375 0.05859375 0.1265625
1 0.4484375 0.3828125 0.0453125 0.053125
1 0.48125 0.1046875 0.0625 0.08359375
1 0.51015625 0.1875 0.06171875 0.11171875
1 0.63046875 0.15 0.07734375 0.053125
1 0.6046875 0.07890625 0.06640625 0.09140625
1 0.625 0.3625 0.0453125 0.04453125
1 0.63828125 0.27890625 0.04609375 0.05234375
1 0.68828125 0.3 0.06796875 0.0828125
1 0.66328125 0.32421875 0.03828125 0.0515625
1 0.7078125 0.6515625 0.03203125 0.05234375
1 0.540625 0.79296875 0.02890625 0.053125
1 0.6171875 0.80546875 0.025 0.03515625
1 0.540625 0.984375 0.04375 0.0265625
1 0.66015625 0.9421875 0.028125 0.046875
1 0.68359375 0.8625 0.025 0.05703125
1 0.703125 0.93046875 0.0296875 0.02734375
1 0.75078125 0.9734375 0.03046875 0.02109375