1 0.61484375 0.53203125 0.103125 0.08828125
1 0.78203125 0.48671875 0.125 0.059375
1 0.4421875 0.684375 0.05078125 0.05078125
1 0.4734375 0.61640625 0.12109375 0.06015625
1 0.33515625 0.52421875 0.04140625 0.04765625
1 0.3890625 0.44921875 0.08984375 0.0640625
1 0.08984375 0.4671875 0.075 0.06171875
1 0.1421875 0.6265625 0.0671875 0.05625
1 0.04921875 0.6015625 0.08984375 0.06015625
1 0.0671875 0.56171875 0.04140625 0.04296875
1 0.171875 0.5609375 0.0421875 0.02421875
1 0.0234375 0.34921875 0.04609375 0.03984375
1 0.171875 0.50234375 0.121875 0.06171875
1 0.15859375 0.35703125 0.00859375 0.04453125
1 0.20546875 0.55078125 0.03515625 0.0375
1 0.23515625 0.55625 0.01875 0.0328125
1 0.2921875 0.684375 0.0375 0.03046875
1 0.2796875 0.67421875 0.0328125 0.02734375
1 0.28671875 0.63359375 0.03125 0.03203125
1 0.3265625 0.6625 0.0484375 0.04453125
1 0.50078125 0.6765625 0.0765625 0.05625
1 0.3671875 0.62109375 0.075 0.05703125
1 0.30703125 0.55546875 0.03828125 0.02734375
1 0.3875 0.528125 0.0203125 0.0390625
1 0.41484375 0.52265625 0.0328125 0.04765625
1 0.45 0.53515625 0.025 0.03984375
1 0.45078125 0.50625 0.0265625 0.03671875
1 0.50859375 0.528125 0.04921875 0.0390625
1 0.5140625 0.46796875 0.13125 0.06953125
1 0.66796875 0.48046875 0.04296875 0.0390625
1 0.840625 0.46640625 0.0546875 0.0359375
1 0.89140625 0.60546875 0.03203125 0.03515625
1 0.98359375 0.53515625 0.0328125 0.0453125
1 0.63203125 0.7375 0.13828125 0.04453125
1 0.60234375 0.7046875 0.02421875 0.0296875
1 0.65078125 0.70625 0.03046875 0.0234375
1 0.73671875 0.671875 0.03125 0.03125
1 0.790625 0.6796875 0.034375 0.01640625
1 0.5625 0.67421875 0.02265625 0.03203125
1 0.59765625 0.66953125 0.01953125 0.0296875
1 0.6859375 0.62890625 0.03359375 0.04453125
1 0.7546875 0.6140625 0.04609375 0.04765625
1 0.8046875 0.61640625 0.0296875 0.03984375
1 0.809375 0.73984375 0.03046875 0.01640625
1 0.8609375 0.6828125 0.0671875 0.053125
1 0.93515625 0.66015625 0.04453125 0.03203125
1 0.93515625 0.703125 0.02421875 0.02578125
1 0.9703125 0.74375 0.02734375 0.03203125
1 0.58125 0.6140625 0.0234375 0.03125
1 0.63203125 0.590625 0.025 0.021875