1 0.46484375 0.590625 0.065625 0.0625
1 0.46953125 0.53828125 0.04296875 0.04375
1 0.54921875 0.459375 0.13203125 0.0546875
1 0.6953125 0.6921875 0.05 0.0421875
1 0.7453125 0.6234375 0.07890625 0.06015625
1 0.6359375 0.62578125 0.0875 0.03359375
1 0.59296875 0.58671875 0.05 0.02578125
1 0.48046875 0.38203125 0.11015625 0.05
1 0.53515625 0.321875 0.09453125 0.0453125
1 0.42890625 0.109375 0.06640625 0.025
1 0.0609375 0.15625 0.06484375 0.05234375
1 0.12578125 0.14453125 0.09921875 0.05234375
1 0.22109375 0.2171875 0.0859375 0.0546875
1 0.20859375 0.1265625 0.0546875 0.0453125
1 0.36484375 0.2515625 0.06171875 0.0390625
1 0.18125 0.34296875 0.1171875 0.05703125
1 0.353125 0.5234375 0.0859375 0.0515625
1 0.328125 0.44921875 0.08125 0.065625
1 0.4921875 0.80703125 0.10859375 0.06171875
1 0.509375 0.71953125 0.08359375 0.05390625
1 0.584375 0.8546875 0.071875 0.04140625
1 0.65234375 0.90078125 0.059375 0.04765625
1 0.84375 0.87578125 0.13515625 0.06640625
1 0.95703125 0.89921875 0.07734375 0.05546875
1 0.92265625 0.8484375 0.03984375 0.03203125
1 0.92109375 0.78203125 0.059375 0.0453125
1 0.8015625 0.80625 0.0640625 0.0359375
1 0.86953125 0.48671875 0.03046875 0.05390625
1 0.934375 0.25703125 0.02109375 0.0234375
1 0.82265625 0.9828125 0.0796875 0.034375
1 0.43671875 0.9609375 0.0953125 0.078125
1 0.3953125 0.884375 0.08046875 0.040625
1 0.24296875 0.76015625 0.0875 0.1421875