1 0.43359375 0.53515625 0.09140625 0.13203125
1 0.49375 0.4234375 0.0484375 0.071875
1 0.5328125 0.58671875 0.0265625 0.0265625
1 0.57734375 0.54765625 0.04140625 0.04765625
1 0.1953125 0.57890625 0.06484375 0.1109375
1 0.1578125 0.1203125 0.06953125 0.0984375
1 0.1140625 0.02421875 0.0640625 0.04375
1 0.2625 0.15 0.06640625 0.10703125
1 0.38984375 0.2609375 0.05859375 0.1078125
1 0.584375 0.05625 0.065625 0.1125
1 0.759375 0.321875 0.059375 0.0921875
1 0.7375 0.903125 0.01640625 0.0296875
1 0.953125 0.6375 0.05546875 0.11640625