1 0.015625 0.2828125 0.03125 0.04765625
1 0.08671875 0.2171875 0.04921875 0.0234375
1 0.084375 0.153125 0.053125 0.03125
1 0.17578125 0.121875 0.13359375 0.04921875
1 0.3484375 0.0921875 0.04140625 0.046875
1 0.41796875 0.14375 0.096875 0.0453125
1 0.465625 0.2734375 0.09140625 0.04375
1 0.5109375 0.18671875 0.071875 0.040625
1 0.56015625 0.05078125 0.06640625 0.0578125
1 0.61015625 0.11640625 0.07734375 0.0421875
1 0.246875 0.3875 0.128125 0.05703125
1 0.2921875 0.3046875 0.06484375 0.0390625
1 0.2078125 0.190625 0.06953125 0.040625
1 0.37734375 0.38671875 0.1125 0.0625
1 0.459375 0.54375 0.1171875 0.05390625
1 0.52578125 0.45703125 0.0765625 0.05546875
1 0.53515625 0.4140625 0.0453125 0.03828125
1 0.67578125 0.5515625 0.0875 0.07421875
1 0.65625 0.478125 0.10546875 0.04296875
1 0.80859375 0.653125 0.07578125 0.04921875
1 0.4640625 0.6734375 0.12578125 0.06171875
1 0.51640625 0.61875 0.11875 0.05546875
1 0.190625 0.015625 0.0453125 0.03125
1 0.0453125 0.09296875 0.06484375 0.05390625
1 0.1265625 0.521875 0.053125 0.0359375
1 0.0671875 0.73984375 0.0515625 0.03046875
1 0.6375 0.7375 0.08515625 0.08046875
1 0.771875 0.77265625 0.09609375 0.059375
1 0.7890625 0.8796875 0.034375 0.03125
1 0.87890625 0.859375 0.09140625 0.059375
1 0.9375 0.82890625 0.071875 0.0578125
1 0.88046875 0.9859375 0.1328125 0.028125
1 0.56640625 0.8921875 0.0984375 0.05625
1 0.7609375 0.2453125 0.0953125 0.14921875