1 0.44921875 0.43125 0.134375 0.06640625
1 0.4078125 0.1984375 0.1265625 0.05859375
1 0.88046875 0.15546875 0.1109375 0.109375
1 0.96796875 0.1140625 0.0640625 0.0984375
1 0.84609375 0.2640625 0.1 0.06875
1 0.734375 0.3828125 0.109375 0.0734375
1 0.578125 0.49453125 0.07578125 0.04296875
1 0.40625 0.5296875 0.02890625 0.03359375
1 0.45625 0.57578125 0.06953125 0.046875
1 0.09375 0.7421875 0.028125 0.034375
1 0.36015625 0.9515625 0.11171875 0.078125
1 0.67421875 0.7671875 0.0640625 0.05078125
1 0.94296875 0.590625 0.09296875 0.084375
1 0.83203125 0.43515625 0.0546875 0.06171875