1 0.40078125 0.4765625 0.21640625 0.12734375
1 0.86015625 0.375 0.27890625 0.1109375
1 0.9640625 0.45625 0.07109375 0.0703125
1 0.78125 0.51015625 0.1421875 0.09921875
1 0.5265625 0.36796875 0.11640625 0.05234375
1 0.35390625 0.39921875 0.096875 0.053125
1 0.09921875 0.53515625 0.1984375 0.0734375
1 0.11953125 0.41953125 0.0609375 0.03203125
1 0.0421875 0.63046875 0.084375 0.0359375
1 0.2015625 0.65859375 0.23125 0.07109375
1 0.26171875 0.73046875 0.18046875 0.06640625
1 0.45 0.6984375 0.1890625 0.12890625
1 0.6078125 0.67734375 0.0796875 0.06796875
1 0.83203125 0.66484375 0.1953125 0.05234375
1 0.95859375 0.62890625 0.0828125 0.0484375
1 0.8734375 0.5875 0.090625 0.0453125
1 0.56484375 0.571875 0.1078125 0.05
1 0.37578125 0.60546875 0.0875 0.08515625
1 0.540625 0.4796875 0.06640625 0.0625
1 0.565625 0.4234375 0.0828125 0.05625
1 0.6953125 0.49375 0.06953125 0.0328125
1 0.7078125 0.40390625 0.0453125 0.0359375