1 0.46953125 0.4296875 0.096875 0.09765625
1 0.57265625 0.48515625 0.090625 0.07578125
1 0.465625 0.58046875 0.11875 0.071875
1 0.41875 0.53203125 0.05859375 0.03359375
1 0.09921875 0.7390625 0.0484375 0.03984375
1 0.93515625 0.5828125 0.1296875 0.10234375
1 0.67265625 0.7734375 0.1671875 0.0796875
1 0.35625 0.9546875 0.14296875 0.0640625
1 0.7328125 0.38125 0.1171875 0.09921875
1 0.83515625 0.4359375 0.0703125 0.025
1 0.86875 0.265625 0.125 0.071875
1 0.9 0.15078125 0.18828125 0.12578125
1 0.409375 0.190625 0.2015625 0.10859375