1 0.82734375 0.80625 0.1 0.11953125
1 0.3484375 0.74140625 0.12109375 0.10234375
1 0.54765625 0.8765625 0.0828125 0.0859375
1 0.41953125 0.6265625 0.02578125 0.01875
1 0.51953125 0.59453125 0.059375 0.07578125
1 0.9140625 0.53125 0.10703125 0.09921875
1 0.63828125 0.51640625 0.08515625 0.0859375
1 0.66875 0.45234375 0.05390625 0.0578125
1 0.51875 0.4296875 0.0890625 0.0578125
1 0.57578125 0.35 0.04296875 0.053125
1 0.228125 0.30234375 0.0515625 0.0421875
1 0.240625 0.2375 0.0546875 0.0375
1 0.28828125 0.17421875 0.06796875 0.0515625
1 0.01015625 0.1453125 0.0203125 0.08984375
1 0.0609375 0.1921875 0.0265625 0.04609375
1 0.1140625 0.15546875 0.04453125 0.06171875
1 0.15546875 0.08125 0.06796875 0.0328125
1 0.23515625 0.08984375 0.0484375 0.04609375
1 0.396875 0.209375 0.03125 0.0265625
1 0.42734375 0.1765625 0.07421875 0.05625
1 0.090625 0.73203125 0.034375 0.03828125
1 0.071875 0.68515625 0.03515625 0.03203125
1 0.14140625 0.74921875 0.04921875 0.03046875
1 0.1390625 0.69609375 0.04375 0.040625
1 0.1953125 0.71640625 0.06953125 0.11328125
1 0.203125 0.61484375 0.0390625 0.0421875
1 0.2359375 0.67109375 0.0375 0.040625
1 0.259375 0.6203125 0.0390625 0.0609375
1 0.30859375 0.5765625 0.07890625 0.09296875
1 0.01875 0.66640625 0.02421875 0.03203125
1 0.15859375 0.56796875 0.02890625 0.05625
1 0.20703125 0.55234375 0.0421875 0.02421875
1 0.1671875 0.45234375 0.034375 0.0578125
1 0.271875 0.48203125 0.03828125 0.0515625
1 0.3359375 0.50234375 0.04609375 0.05078125
1 0.43203125 0.43671875 0.05859375 0.03515625
1 0.42421875 0.54609375 0.034375 0.0296875
1 0.309375 0.821875 0.04296875 0.04765625
1 0.43671875 0.83046875 0.01484375 0.03125
1 0.6296875 0.88671875 0.0625 0.0390625
1 0.728125 0.93828125 0.0515625 0.04609375
1 0.65859375 0.834375 0.034375 0.0453125
1 0.6578125 0.775 0.05625 0.04921875
1 0.6484375 0.6203125 0.05625 0.05390625
1 0.51015625 0.77421875 0.065625 0.08671875
1 0.33828125 0.39296875 0.06796875 0.07109375
1 0.5328125 0.2875 0.0578125 0.05703125
1 0.5484375 0.1796875 0.0859375 0.06015625
1 0.78671875 0.4625 0.0640625 0.053125
1 0.734375 0.54609375 0.0515625 0.03984375
1 0.73515625 0.84453125 0.059375 0.065625
1 0.56484375 0.70625 0.04765625 0.0359375
1 0.709375 0.375 0.04921875 0.059375
1 0.7984375 0.409375 0.0609375 0.0609375
1 0.96171875 0.83671875 0.0578125 0.0671875
1 0.93515625 0.4125 0.09765625 0.090625
1 0.65546875 0.2546875 0.0796875 0.084375
1 0.9109375 0.71171875 0.04453125 0.065625
1 0.98046875 0.7421875 0.0390625 0.07109375
1 0.9859375 0.6078125 0.028125 0.06171875