1 0.5390625 0.43984375 0.12734375 0.07890625
1 0.553125 0.57421875 0.07265625 0.04765625
1 0.42578125 0.49296875 0.08046875 0.03984375
1 0.58671875 0.5328125 0.03515625 0.01953125
1 0.26953125 0.3890625 0.1171875 0.0734375
1 0.14375 0.26640625 0.10390625 0.06953125
1 0.11796875 0.159375 0.11015625 0.0765625
1 0.03125 0.11484375 0.0625 0.0671875
1 0.05 0.584375 0.09921875 0.06015625
1 0.3234375 0.76484375 0.0953125 0.0625
1 0.91015625 0.73671875 0.0359375 0.02578125
1 0.58828125 0.190625 0.11796875 0.10546875
1 0.63671875 0.94609375 0.11875 0.0625