1 0.07265625 0.50859375 0.1109375 0.08984375
1 0.2859375 0.49453125 0.11640625 0.125
1 0.296875 0.64609375 0.14296875 0.06640625
1 0.271875 0.8109375 0.14296875 0.09453125
1 0.6484375 0.8765625 0.10625 0.08515625
1 0.42421875 0.7765625 0.0671875 0.17421875
1 0.82734375 0.5671875 0.08125 0.10859375
1 0.546875 0.48125 0.11875 0.09296875
1 0.37734375 0.384375 0.08671875 0.0796875
1 0.684375 0.3109375 0.0921875 0.08984375
1 0.76015625 0.0953125 0.0734375 0.0703125
1 0.95703125 0.27734375 0.06796875 0.07734375
1 0.65390625 0.69765625 0.0484375 0.11015625
1 0.10859375 0.059375 0.0515625 0.0953125
1 0.25234375 0.12421875 0.06953125 0.08125
1 0.38046875 0.06328125 0.07265625 0.08671875
1 0.43984375 0.44921875 0.04765625 0.06328125
1 0.28203125 0.0234375 0.075 0.046875
1 0.315625 0.9828125 0.078125 0.034375
1 0.515625 0.87578125 0.065625 0.02890625
1 0.4875 0.9828125 0.0640625 0.034375
1 0.7890625 0.78515625 0.0390625 0.046875
1 0.93046875 0.03046875 0.0453125 0.03828125
1 0.8 0.19140625 0.0671875 0.04375
1 0.51484375 0.33359375 0.11953125 0.0359375
1 0.52109375 0.0265625 0.08515625 0.040625
1 0.93515625 0.8484375 0.1296875 0.04453125
1 0.26015625 0.3234375 0.05859375 0.09375