1 0.7265625 0.35078125 0.1484375 0.13828125
1 0.8703125 0.53984375 0.12421875 0.08671875
1 0.80625 0.83203125 0.13984375 0.11796875
1 0.53203125 0.91484375 0.1046875 0.0953125
1 0.38359375 0.71484375 0.0921875 0.05390625
1 0.44921875 0.66640625 0.0765625 0.06953125
1 0.59609375 0.51171875 0.07421875 0.05546875
1 0.26953125 0.540625 0.05703125 0.0984375
1 0.3453125 0.57109375 0.06484375 0.040625
1 0.8578125 0.96484375 0.0765625 0.04921875
1 0.39609375 0.7859375 0.0296875 0.0171875
1 0.47890625 0.7875 0.0296875 0.021875
1 0.44375 0.7625 0.02421875 0.01640625
1 0.54765625 0.73046875 0.04921875 0.0640625
1 0.78125 0.66640625 0.0625 0.08203125
1 0.8859375 0.63203125 0.0703125 0.06796875
1 0.86171875 0.7375 0.13125 0.06640625
1 0.39609375 0.90625 0.02578125 0.02109375
1 0.43125 0.89609375 0.03046875 0.01328125
1 0.6234375 0.64921875 0.06171875 0.04921875
1 0.7109375 0.90078125 0.03359375 0.0375
1 0.4390625 0.434375 0.05625 0.0453125
1 0.18203125 0.5359375 0.0953125 0.1125
1 0.2390625 0.68671875 0.01875 0.040625
1 0.509375 0.63359375 0.053125 0.07890625
1 0.50625 0.34375 0.06328125 0.05078125
1 0.57734375 0.3015625 0.0671875 0.08984375
1 0.7015625 0.56484375 0.06484375 0.03671875
1 0.765625 0.49609375 0.0640625 0.04609375
1 0.82578125 0.4328125 0.0265625 0.03984375
1 0.87734375 0.440625 0.0203125 0.04765625
1 0.08046875 0.31953125 0.04453125 0.05703125
1 0.16796875 0.290625 0.05234375 0.071875
1 0.0953125 0.24375 0.0484375 0.05078125
1 0.078125 0.15 0.0609375 0.08359375
1 0.18046875 0.4140625 0.07265625 0.06875
1 0.38359375 0.3484375 0.125 0.0671875
1 0.47265625 0.2640625 0.046875 0.0515625
1 0.45703125 0.16640625 0.0453125 0.046875
1 0.24296875 0.234375 0.0609375 0.065625
1 0.30234375 0.2375 0.0421875 0.0515625
1 0.16484375 0.11796875 0.05078125 0.05234375
1 0.225 0.109375 0.046875 0.0234375
1 0.53828125 0.4171875 0.03515625 0.04140625
1 0.63828125 0.43515625 0.05546875 0.05234375
1 0.61796875 0.26171875 0.05703125 0.053125
1 0.55234375 0.2125 0.04609375 0.05546875
1 0.67421875 0.2375 0.04921875 0.059375
1 0.61796875 0.20234375 0.0640625 0.05859375
1 0.5671875 0.16171875 0.05859375 0.04375
1 0.68828125 0.13984375 0.04453125 0.04609375
1 0.72734375 0.08125 0.0296875 0.05546875
1 0.8140625 0.29921875 0.07265625 0.065625