1 0.61875 0.61875 0.08671875 0.0640625
1 0.825 0.921875 0.08515625 0.09296875
1 0.20078125 0.4125 0.121875 0.05625
1 0.30859375 0.76796875 0.10625 0.090625
1 0.1109375 0.7296875 0.11484375 0.059375
1 0.15234375 0.84140625 0.11328125 0.08671875
1 0.24296875 0.88671875 0.090625 0.0578125
1 0.0265625 0.603125 0.053125 0.06640625
1 0.08515625 0.5625 0.04765625 0.0265625
1 0.5375 0.48359375 0.04921875 0.03203125
1 0.48828125 0.42421875 0.0546875 0.05390625
1 0.74296875 0.346875 0.09609375 0.0578125
1 0.47890625 0.19453125 0.16640625 0.0828125
1 0.2828125 0.19375 0.08828125 0.05625
0 0.27109375 0.065625 0.146875 0.13125