1 0.10078125 0.47890625 0.07109375 0.04140625
1 0.19296875 0.5140625 0.10546875 0.03984375
1 0.10234375 0.6125 0.1546875 0.0734375
1 0.16796875 0.55859375 0.02578125 0.015625
1 0.61640625 0.52265625 0.0796875 0.0625
1 0.77421875 0.4890625 0.0625 0.04765625
1 0.39140625 0.44140625 0.06953125 0.0390625
1 0.45703125 0.52109375 0.15390625 0.08359375
1 0.36328125 0.62734375 0.053125 0.05859375
1 0.30078125 0.66953125 0.1078125 0.0828125
1 0.4671875 0.6140625 0.05703125 0.0375
1 0.50859375 0.6796875 0.0671875 0.03671875
1 0.44765625 0.6875 0.0578125 0.03125
1 0.621875 0.71796875 0.11328125 0.05703125
1 0.80703125 0.62578125 0.02734375 0.0328125
1 0.6828125 0.63359375 0.05859375 0.015625
1 0.86484375 0.68203125 0.05 0.03203125
1 0.93203125 0.71171875 0.06484375 0.03125
1 0.934375 0.66171875 0.04453125 0.0375
1 0.97890625 0.53515625 0.03359375 0.02265625