1 0.38984375 0.3765625 0.05078125 0.06875
1 0.0703125 0.153125 0.13984375 0.15078125
1 0.225 0.6890625 0.09921875 0.12890625
1 0.12265625 0.7578125 0.0625 0.07109375
1 0.17109375 0.85625 0.09296875 0.103125
1 0.278125 0.8921875 0.084375 0.109375
1 0.4 0.96640625 0.0796875 0.06640625
1 0.446875 0.90546875 0.053125 0.07265625
1 0.58828125 0.796875 0.05703125 0.10546875
1 0.51484375 0.45546875 0.0515625 0.053125
1 0.584375 0.5078125 0.0390625 0.05546875
1 0.81015625 0.5265625 0.09140625 0.15546875
1 0.8046875 0.725 0.06328125 0.08984375
1 0.5625 0.36953125 0.06640625 0.12578125
1 0.6515625 0.26171875 0.05234375 0.09453125