1 0.3703125 0.61953125 0.06484375 0.04296875
1 0.6859375 0.77265625 0.1171875 0.07734375
1 0.8546875 0.83359375 0.10859375 0.0953125
1 0.88828125 0.7359375 0.08203125 0.0703125
1 0.77109375 0.88125 0.1 0.065625
1 0.79765625 0.41171875 0.09921875 0.06875
1 0.97421875 0.6078125 0.0515625 0.05625
1 0.72421875 0.196875 0.05625 0.04609375
1 0.46015625 0.4828125 0.06875 0.04375
1 0.25703125 0.34609375 0.1046875 0.03359375
1 0.50703125 0.42890625 0.0421875 0.03515625
1 0.13125 0.93203125 0.14921875 0.11796875