1 0.30078125 0.5453125 0.0734375 0.03125
1 0.359375 0.6390625 0.0609375 0.03203125
1 0.46484375 0.621875 0.0421875 0.02578125
1 0.64609375 0.428125 0.0875 0.0734375
1 0.646875 0.37109375 0.06484375 0.0625
1 0.69375 0.33125 0.078125 0.05
1 0.5796875 0.16171875 0.0796875 0.046875
1 0.6859375 0.13359375 0.0671875 0.03671875
1 0.68203125 0.09609375 0.0546875 0.0375
1 0.921875 0.1375 0.08125 0.0578125
1 0.51171875 0.3484375 0.06875 0.05
1 0.6453125 0.79375 0.0515625 0.0421875
1 0.7765625 0.8265625 0.05625 0.02265625
1 0.8203125 0.74296875 0.0515625 0.03671875
1 0.85 0.50078125 0.05859375 0.0359375
1 0.35078125 0.84140625 0.0734375 0.04375
1 0.07890625 0.73359375 0.03515625 0.02890625
1 0.10234375 0.3984375 0.05859375 0.0453125