1 0.05 0.4953125 0.0234375 0.04375
1 0.20625 0.3265625 0.0296875 0.03359375
1 0.38515625 0.36328125 0.01640625 0.04453125
1 0.4703125 0.3515625 0.034375 0.0421875
1 0.54765625 0.425 0.0171875 0.034375
1 0.575 0.44140625 0.01171875 0.03203125
1 0.61328125 0.4984375 0.0265625 0.04453125
1 0.75703125 0.35859375 0.03046875 0.04765625
1 0.23515625 0.41875 0.0109375 0.01640625
1 0.8640625 0.32578125 0.0203125 0.025
1 0.70625 0.61484375 0.0296875 0.028125
1 0.7390625 0.5109375 0.02109375 0.02890625
1 0.71171875 0.46015625 0.02265625 0.0328125
1 0.2109375 0.603125 0.02265625 0.02421875
1 0.22421875 0.57421875 0.03359375 0.0296875
1 0.32578125 0.428125 0.0390625 0.034375