1 0.30234375 0.453125 0.08828125 0.04921875
1 0.36328125 0.36171875 0.0609375 0.05
1 0.4640625 0.36875 0.071875 0.0625
1 0.64609375 0.63671875 0.09453125 0.046875
1 0.64921875 0.56640625 0.07109375 0.0671875
1 0.696875 0.67421875 0.071875 0.0609375
1 0.56328125 0.828125 0.0953125 0.0984375
1 0.621875 0.975 0.06328125 0.05
1 0.690625 0.8703125 0.0984375 0.0453125
1 0.9203125 0.86171875 0.0984375 0.04765625
1 0.7578125 0.1703125 0.0796875 0.06953125
1 0.346875 0.1515625 0.04453125 0.040625
1 0.0796875 0.27109375 0.075 0.0484375
1 0.1203125 0.5921875 0.06796875 0.03828125
1 0.28046875 0.9 0.07265625 0.0578125
1 0.47578125 0.9390625 0.0796875 0.05546875