1 0.31640625 0.65625 0.13203125 0.07109375
1 0.34375 0.56875 0.11640625 0.065625
1 0.5421875 0.37890625 0.09296875 0.07109375
1 0.70078125 0.44921875 0.09453125 0.05859375
1 0.34765625 0.96953125 0.15703125 0.06015625
1 0.3265625 0.91171875 0.07890625 0.0515625
1 0.41953125 0.83828125 0.07109375 0.06015625
1 0.3140625 0.85625 0.08828125 0.04765625
1 0.07890625 0.8625 0.0921875 0.07421875
1 0.2296875 0.17265625 0.07109375 0.0546875
1 0.64453125 0.14296875 0.03828125 0.0359375
1 0.921875 0.2640625 0.053125 0.04140625
1 0.53203125 0.934375 0.059375 0.06953125