1 0.378125 0.6125 0.09296875 0.06875
1 0.44921875 0.54765625 0.03671875 0.0421875
1 0.5453125 0.5171875 0.0734375 0.1078125
1 0.27109375 0.1921875 0.08515625 0.0875
1 0.425 0.278125 0.06171875 0.0921875
1 0.44375 0.196875 0.05078125 0.0421875
1 0.64375 0.14140625 0.0546875 0.090625
1 0.83671875 0.434375 0.05546875 0.0859375
1 0.95390625 0.73984375 0.05 0.09296875
1 0.66953125 0.6984375 0.07734375 0.09453125
1 0.75703125 0.90390625 0.07421875 0.07109375
1 0.521875 0.96640625 0.053125 0.06640625
1 0.29765625 0.96953125 0.0671875 0.0609375
1 0.390625 0.93359375 0.065625 0.084375
1 0.24453125 0.86953125 0.03984375 0.05
1 0.1078125 0.928125 0.046875 0.07890625
1 0.07421875 0.49375 0.06953125 0.06953125
1 0.290625 0.50546875 0.0625 0.06796875
1 0.2921875 0.36171875 0.0546875 0.0515625