1 0.55546875 0.68828125 0.0515625 0.08515625
1 0.36796875 0.35078125 0.053125 0.07890625
1 0.440625 0.34140625 0.0953125 0.0671875
1 0.33125 0.30390625 0.06640625 0.09453125
1 0.159375 0.4296875 0.09375 0.0703125
1 0.021875 0.3453125 0.04296875 0.1296875
1 0.09609375 0.3203125 0.04609375 0.08515625
1 0.13203125 0.3125 0.06796875 0.078125
1 0.1375 0.0796875 0.05703125 0.11328125
1 0.5015625 0.14375 0.06484375 0.06171875
1 0.2078125 0.1859375 0.06015625 0.075
1 0.40234375 0.8859375 0.09453125 0.0703125
1 0.73515625 0.91171875 0.0578125 0.04296875
1 0.6328125 0.64609375 0.04375 0.07578125
1 0.61953125 0.54296875 0.07265625 0.06875