1 0.30234375 0.32890625 0.07109375 0.040625
1 0.34140625 0.4328125 0.0859375 0.0609375
1 0.3453125 0.35859375 0.05625 0.03671875
1 0.075 0.134375 0.08828125 0.0515625
1 0.3125 0.13203125 0.0421875 0.02890625
1 0.3125 0.090625 0.07421875 0.03046875
1 0.8796875 0.403125 0.07421875 0.0546875
1 0.43046875 0.165625 0.0828125 0.06015625
1 0.68984375 0.55 0.0734375 0.046875
1 0.53359375 0.6296875 0.08984375 0.0328125
1 0.64921875 0.646875 0.0578125 0.0359375
1 0.2390625 0.8234375 0.0640625 0.025
1 0.34921875 0.78984375 0.07578125 0.0640625
1 0.5375 0.05859375 0.0890625 0.0515625