1 0.203125 0.40234375 0.10390625 0.08828125
1 0.0296875 0.59765625 0.059375 0.0578125
1 0.11171875 0.72578125 0.103125 0.07890625
1 0.13828125 0.83046875 0.08984375 0.0875
1 0.2390625 0.8796875 0.08203125 0.06171875
1 0.31015625 0.771875 0.11875 0.06796875
1 0.62109375 0.61328125 0.090625 0.0625
1 0.834375 0.9265625 0.10859375 0.10234375
1 0.47265625 0.18046875 0.17421875 0.08125
1 0.7375 0.34140625 0.115625 0.046875
1 0.54140625 0.48515625 0.06953125 0.05078125
1 0.27890625 0.19296875 0.07734375 0.04375
0 0.2640625 0.06171875 0.17265625 0.12265625