1 0.325 0.5265625 0.03203125 0.0265625
1 0.38671875 0.48125 0.10546875 0.0734375
1 0.16015625 0.53046875 0.05234375 0.0609375
1 0.2328125 0.51875 0.0734375 0.065625
1 0.0203125 0.4703125 0.03984375 0.04375
1 0.0515625 0.3984375 0.0390625 0.05
1 0.06015625 0.33828125 0.05546875 0.04453125
1 0.10859375 0.4 0.02890625 0.0359375
1 0.13828125 0.3140625 0.0515625 0.04765625
1 0.06484375 0.290625 0.0375 0.03203125
1 0.0265625 0.26171875 0.0234375 0.01953125
1 0.18203125 0.43046875 0.021875 0.01484375
1 0.196875 0.38515625 0.0515625 0.05625
1 0.2203125 0.4625 0.04453125 0.04453125
1 0.24453125 0.38046875 0.046875 0.06484375
1 0.29765625 0.434375 0.0328125 0.0265625
1 0.3140625 0.3703125 0.04375 0.0390625
1 0.2578125 0.3203125 0.0234375 0.03828125
1 0.1859375 0.25859375 0.0328125 0.02109375
1 0.34140625 0.3390625 0.02890625 0.01875
1 0.3515625 0.28984375 0.06875 0.02890625
1 0.36328125 0.2640625 0.14609375 0.02421875
1 0.371875 0.4078125 0.03515625 0.02734375
1 0.4046875 0.3234375 0.02578125 0.02890625
1 0.5109375 0.4125 0.0296875 0.0109375
1 0.52734375 0.38125 0.0796875 0.04296875
1 0.50859375 0.32890625 0.07890625 0.0578125
1 0.43515625 0.3171875 0.021875 0.025
1 0.39921875 0.2890625 0.01015625 0.01875
1 0.46328125 0.53359375 0.10859375 0.05859375
1 0.61484375 0.55 0.06953125 0.04921875
1 0.53359375 0.50859375 0.04140625 0.0453125
1 0.4875 0.4703125 0.03671875 0.04453125
1 0.54296875 0.47734375 0.0265625 0.0375
1 0.5734375 0.4859375 0.025 0.04140625
1 0.60703125 0.48046875 0.0421875 0.021875
1 0.5546875 0.31328125 0.05 0.06640625
1 0.6375 0.37890625 0.05 0.0609375
1 0.659375 0.42109375 0.0265625 0.040625
1 0.68359375 0.3390625 0.06171875 0.03515625
1 0.721875 0.3609375 0.06171875 0.03671875
1 0.7015625 0.31015625 0.07734375 0.04765625
1 0.67109375 0.48046875 0.0328125 0.03125
1 0.6921875 0.4515625 0.0078125 0.01953125
1 0.80546875 0.48515625 0.11796875 0.0453125
1 0.74921875 0.446875 0.0234375 0.021875
1 0.7765625 0.4421875 0.01875 0.02109375
1 0.89375 0.51796875 0.078125 0.05234375
1 0.83046875 0.44453125 0.04375 0.0296875
1 0.8265625 0.4109375 0.03203125 0.04140625
1 0.8515625 0.37265625 0.04453125 0.03671875
1 0.921875 0.4359375 0.034375 0.05390625
1 0.9296875 0.39140625 0.0828125 0.03984375
1 0.9765625 0.64296875 0.046875 0.03984375