1 0.321875 0.46171875 0.05703125 0.109375
1 0.38359375 0.5125 0.06484375 0.1
1 0.4609375 0.45625 0.09140625 0.103125
1 0.59140625 0.4125 0.03046875 0.0546875
1 0.62578125 0.3578125 0.0515625 0.075
1 0.621875 0.25 0.05546875 0.0828125
1 0.81875 0.20234375 0.025 0.04375
1 0.875 0.1640625 0.06484375 0.096875
1 0.80546875 0.51328125 0.0640625 0.06328125
1 0.8625 0.41875 0.06328125 0.06328125
1 0.90625 0.34765625 0.03515625 0.05078125
1 0.88359375 0.603125 0.0390625 0.05
1 0.94453125 0.55859375 0.07578125 0.08671875
1 0.44765625 0.6734375 0.06015625 0.0765625
1 0.52421875 0.6578125 0.0484375 0.0796875
1 0.34765625 0.81484375 0.034375 0.065625
1 0.16328125 0.934375 0.0515625 0.05625
1 0.015625 0.87890625 0.03125 0.1265625
1 0.1421875 0.87265625 0.040625 0.0828125
1 0.13671875 0.78125 0.0375 0.04296875
1 0.2203125 0.77734375 0.03984375 0.06953125
1 0.26640625 0.6234375 0.01875 0.0421875
1 0.10546875 0.565625 0.04296875 0.090625
1 0.78359375 0.07734375 0.04765625 0.059375
1 0.853125 0.0859375 0.02734375 0.03046875
1 0.90234375 0.028125 0.03671875 0.04609375
1 0.72109375 0.01875 0.03671875 0.0375
1 0.478125 0.12421875 0.03515625 0.0359375
1 0.26328125 0.0703125 0.03828125 0.04765625
1 0.11171875 0.65703125 0.034375 0.04609375
1 0.18046875 0.434375 0.04375 0.0296875
1 0.309375 0.91953125 0.03125 0.04765625
1 0.696875 0.78125 0.034375 0.04296875
1 0.7390625 0.75625 0.03515625 0.053125
1 0.77421875 0.7625 0.034375 0.040625
1 0.8109375 0.7453125 0.03125 0.046875
1 0.721875 0.4921875 0.0421875 0.053125
1 0.53984375 0.52421875 0.0328125 0.053125
1 0.5953125 0.5328125 0.0390625 0.03984375
1 0.69375 0.303125 0.04609375 0.08515625
1 0.74609375 0.44140625 0.0328125 0.0265625