1 0.27578125 0.1859375 0.16953125 0.0421875
1 0.44609375 0.1484375 0.15703125 0.0671875
1 0.44453125 0.0953125 0.14140625 0.0265625
1 0.31484375 0.0234375 0.13671875 0.046875
1 0.68203125 0.30859375 0.2359375 0.075
1 0.775 0.23984375 0.27421875 0.065625
1 0.30390625 0.4296875 0.28671875 0.06875
1 0.30234375 0.5609375 0.25859375 0.06015625
1 0.72265625 0.63984375 0.13828125 0.0625
1 0.6375 0.6734375 0.09296875 0.05
1 0.50234375 0.7671875 0.253125 0.05859375
1 0.44140625 0.92109375 0.45703125 0.1578125