1 0.3140625 0.2265625 0.13984375 0.08671875
1 0.81875 0.0984375 0.1328125 0.08984375
1 0.62265625 0.38046875 0.09375 0.06484375
1 0.1953125 0.59609375 0.11796875 0.0890625
1 0.0359375 0.39765625 0.07109375 0.0765625
1 0.0875 0.4421875 0.0609375 0.05390625
1 0.11015625 0.278125 0.09609375 0.08828125
1 0.24609375 0.1234375 0.08359375 0.0734375
1 0.13984375 0.16953125 0.1015625 0.09375
1 0.2984375 0.6015625 0.0421875 0.034375
1 0.2703125 0.93359375 0.225 0.1328125
1 0.28046875 0.8 0.0921875 0.05546875
1 0.490625 0.57578125 0.0796875 0.0484375
1 0.5421875 0.51171875 0.07578125 0.05390625
1 0.73515625 0.653125 0.1 0.05625
3 0.46875 0.80859375 0.1375 0.06796875
1 0.909375 0.82890625 0.18046875 0.1046875