1 0.1859375 0.16484375 0.17890625 0.14140625
1 0.13671875 0.4625 0.1234375 0.1125
1 0.2609375 0.65703125 0.1171875 0.13125
1 0.38515625 0.790625 0.1921875 0.11484375
1 0.42421875 0.6859375 0.075 0.07890625
1 0.72578125 0.76328125 0.1046875 0.06484375
1 0.86875 0.72265625 0.16796875 0.13203125
1 0.8171875 0.43984375 0.096875 0.15546875
1 0.54921875 0.3375 0.0984375 0.09765625
1 0.4671875 0.08828125 0.10390625 0.10546875
1 0.29921875 0.44296875 0.04375 0.046875
1 0.3703125 0.34765625 0.04765625 0.04609375
1 0.403125 0.48125 0.07265625 0.0515625
1 0.49375 0.65390625 0.05390625 0.0546875
1 0.45390625 0.5796875 0.05390625 0.034375
1 0.565625 0.56640625 0.04296875 0.04375
1 0.52109375 0.7234375 0.059375 0.0421875
1 0.62578125 0.64453125 0.065625 0.04921875
1 0.6453125 0.4296875 0.0640625 0.05546875
1 0.8046875 0.59296875 0.09453125 0.0921875
1 0.8265625 0.87734375 0.07109375 0.0578125
1 0.92421875 0.8421875 0.0625 0.07109375
1 0.54296875 0.8328125 0.0640625 0.06484375
1 0.11171875 0.3625 0.05 0.0546875
1 0.225 0.3375 0.08125 0.08359375
1 0.06484375 0.27734375 0.05859375 0.0484375
1 0.15234375 0.03203125 0.05625 0.0640625
1 0.43515625 0.23984375 0.05625 0.09765625
1 0.5375 0.221875 0.04453125 0.05625
1 0.2703125 0.90625 0.06953125 0.078125