1 0.37109375 0.49921875 0.190625 0.09765625
1 0.275 0.33203125 0.19921875 0.1515625
1 0.22109375 0.6140625 0.0703125 0.0515625
1 0.43046875 0.76171875 0.09375 0.07265625
1 0.3125 0.86171875 0.040625 0.0484375
1 0.6125 0.70546875 0.09453125 0.06796875
1 0.61875 0.51796875 0.10390625 0.05625
1 0.765625 0.86953125 0.0640625 0.03359375
1 0.88828125 0.978125 0.11796875 0.04296875
1 0.94453125 0.8296875 0.07578125 0.05
1 0.9484375 0.37890625 0.06796875 0.04453125
1 0.06171875 0.228125 0.06484375 0.05078125
1 0.35078125 0.03125 0.0984375 0.0625