1 0.79609375 0.17578125 0.125 0.115625
1 0.878125 0.44453125 0.103125 0.11171875
1 0.72890625 0.6453125 0.1421875 0.1
1 0.5890625 0.69140625 0.0796875 0.06328125
1 0.5671875 0.84296875 0.040625 0.034375
1 0.5515625 0.79453125 0.03671875 0.034375
1 0.61484375 0.7984375 0.0296875 0.02421875
1 0.61875 0.73828125 0.04296875 0.028125
1 0.696875 0.8515625 0.05078125 0.0421875
1 0.73671875 0.9234375 0.02734375 0.0265625
1 0.08125 0.85 0.04453125 0.09140625
1 0.09765625 0.75546875 0.0234375 0.0578125
1 0.178125 0.715625 0.040625 0.05625
1 0.18046875 0.578125 0.05703125 0.0734375
1 0.21328125 0.6 0.03046875 0.03515625
1 0.4484375 0.33984375 0.0359375 0.04609375
1 0.35625 0.42734375 0.0703125 0.0625
1 0.18984375 0.45234375 0.0671875 0.1046875
1 0.5390625 0.09921875 0.06640625 0.08515625
1 0.39453125 0.20546875 0.0671875 0.08515625
1 0.47265625 0.22734375 0.06796875 0.06796875
1 0.57421875 0.23125 0.0875 0.1171875
1 0.6234375 0.35 0.03203125 0.05078125
1 0.59765625 0.48828125 0.040625 0.05625
1 0.50546875 0.65234375 0.0375 0.05390625
1 0.484375 0.73203125 0.03359375 0.0359375
1 0.36171875 0.6625 0.0703125 0.059375
1 0.71953125 0.43515625 0.03203125 0.03828125
1 0.784375 0.340625 0.0296875 0.08125
1 0.8484375 0.03671875 0.06328125 0.07265625
1 0.62109375 0.0140625 0.03203125 0.028125
1 0.459375 0.83828125 0.01640625 0.02734375
1 0.25078125 0.77109375 0.03671875 0.0296875
1 0.29765625 0.76875 0.034375 0.0421875
1 0.434375 0.56875 0.03828125 0.03671875
1 0.27578125 0.4734375 0.03671875 0.065625
1 0.51875 0.36328125 0.04765625 0.05
1 0.678125 0.7671875 0.0265625 0.0328125
1 0.23984375 0.3125 0.0375 0.04453125