1 0.50546875 0.61171875 0.02890625 0.03046875
1 0.56875 0.54140625 0.07578125 0.0546875
1 0.64921875 0.47109375 0.03984375 0.04453125
1 0.63671875 0.390625 0.06015625 0.03203125
1 0.578125 0.2359375 0.04765625 0.0390625
1 0.66640625 0.20546875 0.0359375 0.03828125
1 0.49921875 0.0578125 0.04140625 0.0359375
1 0.646875 0.76484375 0.04375 0.03515625
1 0.40703125 0.2265625 0.07578125 0.03125
1 0.39296875 0.7140625 0.040625 0.03359375
1 0.596875 0.61796875 0.028125 0.03125
1 0.57734375 0.32734375 0.04921875 0.025