1 0.4125 0.1984375 0.09140625 0.1125
1 0.55859375 0.08671875 0.0421875 0.0671875
1 0.60078125 0.02734375 0.0734375 0.0546875
1 0.7140625 0.10546875 0.09140625 0.090625
1 0.82421875 0.14296875 0.11171875 0.11328125
1 0.88203125 0.24765625 0.05390625 0.09140625
1 0.7734375 0.3078125 0.084375 0.14921875
1 0.61640625 0.62578125 0.06875 0.0921875
0 0.9296875 0.82109375 0.13984375 0.2109375
1 0.90546875 0.82578125 0.08671875 0.10078125
1 0.1921875 0.2765625 0.06484375 0.059375
1 0.42109375 0.490625 0.05078125 0.05703125
1 0.484375 0.5421875 0.0453125 0.04921875
0 0.2109375 0.565625 0.178125 0.371875
1 0.1875 0.4734375 0.07265625 0.14609375
1 0.34921875 0.7375 0.0453125 0.11484375