1 0.47578125 0.07265625 0.71328125 0.1453125
1 0.48984375 0.27578125 0.15 0.0828125
1 0.075 0.2640625 0.14921875 0.0796875
1 0.31640625 0.24375 0.1234375 0.05390625
1 0.88515625 0.228125 0.2296875 0.0859375
1 0.86171875 0.503125 0.17421875 0.09453125
1 0.43828125 0.5109375 0.109375 0.04453125
1 0.27109375 0.5390625 0.08203125 0.05625
1 0.075 0.52109375 0.14921875 0.0875
1 0.65546875 0.64296875 0.075 0.07578125
1 0.7625 0.63203125 0.078125 0.06328125
1 0.8609375 0.65234375 0.1078125 0.06796875
1 0.34609375 0.8046875 0.11953125 0.08203125