3 0.31953125 0.1109375 0.0703125 0.140625
3 0.19296875 0.3375 0.06875 0.14765625
3 0.4796875 0.06328125 0.078125 0.1265625
3 0.7390625 0.078125 0.08125 0.15625
1 0.484375 0.8546875 0.0984375 0.178125
1 0.359375 0.6546875 0.0453125 0.08515625
1 0.35546875 0.85390625 0.06640625 0.090625
1 0.378125 0.75625 0.0375 0.0859375
1 0.94453125 0.228125 0.071875 0.1796875
1 0.90546875 0.33828125 0.0609375 0.13671875
3 0.9640625 0.446875 0.07109375 0.146875
3 0.934375 0.5890625 0.09609375 0.159375
1 0.896875 0.73359375 0.071875 0.11796875
3 0.7203125 0.4640625 0.0921875 0.16953125
3 0.7640625 0.2828125 0.06796875 0.15546875
3 0.49453125 0.4328125 0.046875 0.08359375