3 0.4140625 0.41640625 0.11015625 0.171875
3 0.54921875 0.30234375 0.10234375 0.1671875
3 0.64140625 0.25234375 0.06484375 0.0578125
3 0.75703125 0.2 0.0859375 0.0953125
3 0.83046875 0.11875 0.0703125 0.06328125
3 0.71484375 0.15 0.07109375 0.04921875
3 0.88125 0.18984375 0.10625 0.125
3 0.72578125 0.3828125 0.13046875 0.14921875
3 0.52734375 0.50234375 0.103125 0.11171875
3 0.59921875 0.42578125 0.07265625 0.09921875
3 0.384375 0.7125 0.10859375 0.10703125
3 0.11015625 0.82109375 0.2203125 0.1765625